16;45;46;46;43;41;26;10;22;34;43;27;41;10;18;14;25;40;32;33;14;13;39;38;39;23;31;42;12;20;32;30;35;34;35;20;20;45;48;44;24;25;31;27;39;36;21;23;31;26;11;29;38;29;33;48;23;38;23;47;25;38;24;26;42;32;15;18;25;16;30;25;43;34;47;23;17;20;47;43;25;45;36;43;31;28;21;28;12;40;27;12;31;48;26;44;38;24;11;13
30;44;45;41;36;22;16;31;17;29;45;36;17;46;37;20;32;15;14;13;30;22;32;20;49;17;42;42;28;20;33;39;42;24;29;42;28;44;22;15;41;19;31;22;17;48;22;11;13;12;23;14;24;29;41;30;14;25;42;16;49;33;29;10;41;14;26;11;36;49;28;22;33;14;36;40;31;13;34;24;28;32;23;49;38;47;26;13;38;28;30;23;13;39;36;45;12;45;38;18
21;28;30;33;46;16;23;24;22;32;34;26;29;20;15;20;41;27;38;46;29;14;36;48;49;16;39;15;22;19;18;17;47;27;39;34;44;45;13;17;47;12;44;32;12;27;36;41;30;43;44;16;13;19;29;26;42;11;40;25;12;49;18;24;35;13;22;27;44;44;42;41;21;46;30;39;40;20;46;31;42;27;32;40;13;32;12;31;15;41;19;35;13;10;23;39;46;38;32;30
29;10;31;21;37;20;22;23;23;14;14;19;26;48;18;28;40;31;21;24;41;32;17;32;24;35;26;38;16;30;15;20;32;33;12;26;28;43;16;30;34;24;41;24;19;10;49;14;38;47;24;25;28;15;42;17;31;45;23;44;45;45;46;14;34;47;15;28;16;23;29;18;11;45;27;21;16;20;48;32;22;43;40;19;34;34;32;32;22;20;30;23;28;10;40;29;27;19;33;35
45;17;42;34;36;44;18;43;37;46;39;28;35;11;44;32;19;35;20;44;34;36;16;25;25;12;35;40;41;14;48;19;41;10;36;33;12;16;24;45;39;48;42;26;36;41;12;19;14;35;38;37;49;23;16;10;19;18;12;44;24;10;48;13;20;47;48;20;19;44;34;27;19;36;49;32;10;45;36;27;18;14;41;41;25;12;14;11;48;48;15;28;32;42;24;44;30;46;41;23
15;33;30;45;45;32;23;14;18;31;20;43;12;30;16;29;47;44;42;24;40;15;10;42;14;31;29;33;27;38;49;11;34;39;44;22;38;34;31;33;34;40;22;39;37;16;16;11;14;40;49;43;49;36;39;40;18;32;27;48;19;27;10;10;37;10;21;41;11;11;26;47;40;26;32;41;24;38;45;45;32;46;42;21;49;19;37;38;43;15;14;10;29;23;42;29;19;17;38;16
27;30;24;41;17;20;14;32;16;17;19;24;22;37;49;26;16;17;21;38;37;20;21;45;43;14;35;41;29;45;33;47;23;11;19;15;47;47;13;45;45;32;21;26;43;25;40;48;16;37;19;24;30;16;16;10;22;46;29;23;28;30;18;18;13;30;33;12;41;42;41;29;34;15;16;21;37;27;13;46;24;45;48;43;20;23;23;30;42;35;28;35;18;20;26;43;44;12;45;28
25;13;46;27;43;21;38;46;18;40;17;43;49;13;28;11;28;27;42;24;34;24;13;41;22;28;29;29;26;19;22;17;43;22;37;49;37;45;32;27;19;39;49;23;41;15;33;20;36;39;19;46;13;24;39;34;43;11;26;11;23;45;11;41;27;30;11;16;18;26;44;16;17;23;37;47;28;22;49;31;15;22;45;24;44;45;34;32;43;39;30;44;11;48;42;48;20;17;32;39
31;32;39;28;22;12;17;46;39;16;26;44;44;28;18;29;31;36;32;27;21;24;16;24;17;28;31;42;11;39;30;38;48;29;38;32;29;33;10;48;49;26;49;33;35;41;11;15;29;19;14;11;37;11;25;39;28;46;31;46;37;22;38;39;35;20;30;37;35;34;17;15;16;11;18;45;17;44;26;48;41;30;41;41;33;46;23;39;18;30;32;15;13;40;40;13;19;14;43;14
48;26;45;11;30;44;18;33;24;22;10;24;31;45;18;45;11;16;23;14;42;31;22;15;11;36;46;48;18;11;46;33;41;20;30;22;41;20;46;43;32;29;28;17;44;16;22;11;24;11;37;43;29;36;12;43;19;33;35;41;17;29;46;14;43;27;22;35;36;30;12;24;46;45;49;16;31;49;36;32;47;48;35;32;18;44;47;15;14;16;42;15;20;49;38;49;15;37;38;42
22;23;26;45;31;21;41;35;42;15;26;11;28;28;23;48;41;47;37;14;12;37;17;30;44;37;37;41;28;19;41;14;45;45;20;14;47;19;29;19;11;27;35;19;19;16;46;48;25;25;39;10;20;29;14;15;27;13;10;11;44;30;10;24;36;38;20;36;14;10;13;19;42;27;40;20;25;41;35;13;20;45;23;47;26;39;18;48;32;15;21;29;30;28;25;14;25;31;30;36
44;21;25;34;15;25;49;39;11;15;43;40;44;27;19;39;23;37;34;33;27;33;34;24;41;35;15;38;17;26;21;41;42;42;15;41;29;19;30;46;29;31;30;43;42;10;10;46;46;26;40;45;19;47;39;12;11;42;47;32;14;34;29;30;38;46;33;28;10;21;19;37;14;33;13;42;23;30;40;23;32;10;12;22;13;25;42;36;33;23;14;14;17;25;37;25;24;28;10;26
37;46;20;36;43;12;12;42;11;32;20;25;24;34;25;42;18;40;21;46;17;32;13;12;36;26;11;49;48;19;16;45;35;27;20;37;23;18;25;25;13;20;47;40;47;46;48;13;36;42;14;11;28;19;43;15;36;49;44;21;27;11;37;13;32;47;39;47;35;45;38;48;17;11;42;12;26;19;28;39;24;29;16;39;10;25;19;21;42;31;47;42;44;48;11;42;26;34;47;21
28;19;47;30;30;20;45;21;36;45;16;33;13;24;49;47;41;22;45;41;45;26;44;17;12;40;37;27;17;27;32;10;18;17;32;13;28;47;13;23;15;22;20;34;25;14;47;48;42;29;10;43;29;28;38;36;34;15;27;23;19;31;44;17;23;33;22;22;28;10;19;32;11;32;22;15;12;24;10;34;38;13;39;21;10;16;14;36;43;22;33;17;23;27;36;45;13;43;27;29
46;11;38;32;28;10;40;18;48;48;20;11;43;48;38;22;32;11;37;22;48;46;37;47;37;37;16;38;38;20;39;46;38;22;36;27;46;47;12;16;28;28;18;47;17;43;37;15;14;17;24;38;38;32;24;48;32;18;25;32;49;34;45;39;46;22;28;26;24;16;14;41;19;37;13;15;34;19;10;16;20;18;25;12;10;29;37;10;19;38;24;35;41;18;34;46;14;28;47;23
49;34;38;35;15;41;15;33;36;34;27;23;36;12;13;40;20;45;15;48;41;17;36;16;40;10;41;26;10;47;27;25;17;48;31;17;43;44;36;23;44;34;39;22;33;30;20;42;10;37;28;27;13;16;20;14;25;16;26;17;45;23;16;34;42;12;39;41;32;16;40;20;41;25;24;22;43;26;34;48;48;35;38;12;41;49;38;39;19;46;33;10;25;47;37;36;26;45;13;20
37;23;13;28;35;39;33;42;39;46;17;40;28;48;24;29;18;29;25;23;20;47;37;16;39;33;40;11;30;13;42;11;29;11;31;17;25;32;12;39;31;23;39;12;17;35;40;24;41;10;42;34;24;31;24;29;43;24;48;46;32;15;36;29;26;49;19;11;20;34;27;24;45;36;12;43;33;24;14;17;10;46;18;31;10;45;44;31;12;21;12;36;11;18;29;47;49;32;28;27
19;41;18;11;39;19;20;40;20;44;35;15;46;40;18;38;13;48;26;21;18;21;22;25;46;20;34;20;46;48;15;11;18;24;14;20;25;38;40;39;36;26;19;48;11;31;13;13;19;41;25;10;16;33;32;23;22;13;35;32;25;17;15;38;34;36;21;14;38;25;20;33;22;47;36;21;16;38;22;20;31;27;45;13;24;29;17;32;32;32;15;19;10;10;19;40;11;23;11;39
34;25;40;48;16;44;28;46;20;21;12;39;22;27;38;13;30;46;10;12;22;23;46;49;25;29;46;21;10;22;33;14;14;44;46;18;20;14;13;25;42;24;37;12;19;30;22;16;20;13;47;36;12;33;37;29;40;36;32;25;45;34;28;12;36;18;46;12;22;40;15;44;47;25;39;44;27;40;14;49;31;29;47;48;49;26;17;44;10;22;17;11;34;45;10;39;21;34;26;30
22;41;28;20;23;28;43;30;41;46;38;34;12;43;32;18;16;10;41;25;45;37;18;12;18;42;12;47;10;43;34;47;12;30;39;46;46;12;26;34;19;23;33;42;31;42;15;46;20;10;46;49;15;24;27;28;21;40;32;35;33;42;40;28;34;35;38;23;40;33;21;26;43;27;35;19;25;45;46;45;47;10;41;31;19;42;30;32;42;27;41;48;10;19;30;19;45;30;45;23
25;18;32;43;48;37;13;25;34;24;28;24;35;42;32;23;23;49;14;46;10;40;30;39;25;32;22;37;28;40;35;48;41;39;49;47;22;49;46;16;16;37;22;48;21;12;41;43;46;29;35;42;36;29;15;24;33;28;12;36;40;23;43;22;11;47;18;43;30;46;20;16;13;21;28;38;27;16;43;36;30;44;37;37;21;16;25;28;24;20;20;13;34;22;31;11;34;17;15;43
48;12;33;11;25;46;15;31;47;19;44;41;35;26;41;22;23;33;48;21;21;14;23;26;11;36;40;44;18;12;42;14;40;39;15;41;33;15;19;18;20;41;23;17;15;22;13;45;40;45;21;22;35;18;22;25;37;16;33;23;28;10;30;10;48;41;20;12;14;26;31;15;28;25;40;23;20;21;30;24;35;18;19;15;43;11;47;10;10;44;19;45;22;23;11;19;39;25;34;39
27;42;32;13;21;43;44;27;41;14;40;23;18;13;35;32;43;45;37;31;22;14;15;15;46;30;28;22;48;27;40;39;28;29;22;18;31;44;12;18;37;33;19;44;47;16;15;13;47;36;16;35;34;11;32;20;35;49;37;31;25;24;10;21;18;12;43;15;48;38;41;30;27;35;22;36;34;28;20;22;37;48;25;19;47;17;20;28;28;29;39;17;41;34;23;33;21;37;24;34
32;40;26;28;36;46;36;34;11;49;41;12;20;29;40;18;17;33;41;18;24;25;18;43;29;35;30;36;30;24;27;48;18;14;39;17;48;21;45;23;24;41;46;44;48;34;40;21;29;29;36;17;26;48;15;11;40;22;31;21;23;22;22;19;31;12;13;20;38;25;10;47;38;27;49;41;28;28;29;29;40;47;31;20;23;46;38;39;30;38;40;30;40;14;20;46;48;41;23;36
18;41;22;30;26;14;25;18;25;41;19;43;46;20;46;24;19;21;10;44;48;36;49;11;32;11;28;15;12;28;38;27;27;42;11;48;16;46;30;11;29;16;43;26;17;14;18;14;25;23;30;30;12;26;36;14;35;44;28;35;37;31;22;42;15;45;13;27;34;30;35;40;45;37;14;33;12;40;15;14;25;27;48;35;20;20;45;38;47;24;17;37;32;34;48;38;45;16;21;17
14;10;25;38;35;31;40;19;11;47;42;16;29;37;19;19;35;32;37;46;13;48;48;23;44;33;17;18;13;16;24;32;49;18;24;12;10;21;47;41;45;20;45;44;27;31;26;20;39;38;27;19;35;39;43;34;12;20;38;23;33;42;18;21;35;17;46;41;21;46;28;36;47;32;20;49;28;42;12;12;20;48;27;15;14;21;30;18;30;22;35;12;20;45;24;29;37;12;17;23
30;20;43;40;22;12;38;27;17;36;48;42;45;44;42;25;20;16;43;35;36;28;43;20;41;34;47;37;39;45;38;41;44;14;33;11;37;42;42;17;20;44;24;41;31;19;26;31;29;46;18;16;37;32;17;14;13;10;24;21;36;23;11;28;49;49;15;32;33;37;44;21;39;41;37;21;30;43;16;28;15;20;39;14;24;34;35;42;44;46;12;15;16;35;24;35;40;37;22;45
31;17;11;19;22;22;38;11;49;45;28;31;19;11;40;13;38;17;11;13;30;39;42;19;44;47;13;14;22;30;36;38;31;49;25;44;28;15;40;10;40;46;35;41;44;16;32;49;33;42;24;19;36;43;44;19;29;47;41;24;44;14;47;44;43;16;26;32;49;28;38;31;49;47;13;42;32;37;48;35;40;26;18;11;20;42;39;16;38;34;44;29;35;21;43;33;10;17;17;31
15;25;42;33;24;10;16;46;25;14;48;48;13;18;16;11;18;35;17;44;30;35;43;26;18;12;14;30;31;39;47;46;45;22;19;26;24;35;25;27;36;48;22;13;39;29;28;37;40;26;17;49;37;48;26;18;46;45;45;33;17;32;20;19;40;43;33;18;22;30;22;11;31;10;29;25;28;48;18;28;39;12;21;18;39;28;35;40;24;44;13;26;32;43;46;35;29;18;40;36
15;37;32;40;21;37;31;24;26;23;37;37;11;31;30;27;37;29;17;44;27;44;23;36;35;20;18;19;49;23;29;28;48;29;21;30;20;42;42;48;46;19;46;35;28;31;12;36;10;28;37;22;33;11;14;23;39;37;26;49;30;37;22;37;19;10;22;20;32;16;12;27;31;37;22;27;14;44;31;39;46;23;16;49;41;15;30;20;13;41;11;23;49;31;41;30;13;21;32;14
34;36;38;26;30;40;11;16;23;25;11;27;49;20;48;44;44;40;10;30;42;21;13;29;48;11;38;16;34;48;17;11;20;13;44;42;46;26;25;14;28;21;20;27;19;24;34;40;23;20;18;32;21;20;32;20;25;49;33;21;43;41;14;47;39;20;14;40;42;29;22;19;33;27;35;28;15;13;35;14;10;37;13;34;16;12;38;13;10;23;24;34;38;18;42;18;48;13;12;31
33;23;29;33;27;29;40;17;27;48;22;41;18;31;15;36;44;30;13;47;19;20;31;48;37;27;49;15;49;21;17;24;24;34;14;46;45;31;23;31;34;20;47;16;22;30;12;30;20;42;21;18;28;33;22;41;45;18;46;29;17;27;44;29;32;43;44;17;21;41;38;45;38;32;16;10;24;37;25;12;32;24;35;16;27;39;37;42;23;20;33;14;14;44;18;48;19;18;43;15
10;27;16;22;34;15;23;22;23;39;34;38;14;49;18;18;15;45;31;22;26;31;41;32;45;26;49;14;15;45;12;14;46;49;21;43;44;10;23;39;42;49;15;31;35;32;21;26;34;31;17;49;29;17;35;36;31;14;28;46;49;46;21;18;38;23;17;28;19;30;43;19;49;37;44;39;49;28;24;46;28;26;47;46;18;13;13;17;40;49;24;23;47;11;36;18;29;22;17;41
20;49;31;20;35;30;12;29;21;38;38;19;36;27;26;38;45;30;41;36;48;44;16;35;43;18;44;47;25;29;25;48;33;41;17;11;35;17;19;16;12;44;37;23;13;38;23;27;38;10;23;22;30;18;14;29;26;32;46;45;16;26;45;12;27;41;13;40;30;23;42;37;28;16;22;32;42;31;10;28;47;37;34;39;32;22;31;45;21;47;36;22;40;39;18;20;35;46;23;46
47;20;13;20;33;39;38;33;27;36;31;34;16;39;32;47;41;33;45;42;43;10;43;12;23;29;23;17;21;41;28;41;26;13;25;29;45;44;25;25;36;13;37;11;24;46;31;41;31;26;34;25;24;37;40;22;29;10;26;13;31;33;31;35;28;36;32;32;19;42;30;49;41;43;23;44;26;14;12;45;31;43;21;26;15;39;25;16;38;20;34;25;45;37;13;41;36;39;41;32
14;25;49;27;32;45;14;27;33;38;16;48;38;14;35;19;34;33;35;12;40;46;49;41;24;27;27;12;44;44;15;20;42;45;32;43;24;34;30;20;37;24;45;37;32;32;25;32;18;39;38;17;16;30;36;18;47;38;27;24;39;49;44;30;27;32;16;40;11;38;37;26;43;31;29;24;49;39;42;12;49;31;47;42;46;12;39;41;14;39;23;47;19;20;16;26;12;27;37;24
30;46;39;38;17;28;40;45;28;18;49;37;34;40;41;31;47;46;30;17;27;23;10;25;18;14;33;14;34;25;27;25;43;15;23;10;10;10;36;40;17;34;11;20;24;10;48;33;13;42;35;39;47;18;37;39;43;32;46;19;32;31;40;27;40;20;38;41;23;14;37;20;45;33;28;49;32;41;19;25;21;27;17;22;27;38;15;47;16;13;31;47;15;25;26;49;16;13;40;27
24;17;31;17;37;43;36;30;14;15;49;35;38;38;48;31;38;10;36;27;30;34;33;23;13;10;24;26;45;23;15;31;48;41;21;16;22;32;47;46;14;28;23;13;16;35;12;49;31;15;22;40;17;39;33;33;38;34;29;21;28;27;34;29;34;43;49;44;45;30;46;32;17;34;27;36;13;41;11;23;12;36;23;38;12;40;41;40;25;13;41;13;20;12;30;31;22;34;49;47
42;31;47;19;48;12;41;15;24;45;41;48;15;45;11;12;15;34;37;17;20;35;35;38;49;13;24;49;46;28;18;12;24;37;45;26;39;21;29;25;16;15;32;47;46;46;33;44;17;19;44;20;42;19;45;41;17;36;20;37;12;43;28;46;45;40;35;36;35;22;12;36;11;44;26;11;25;47;29;45;37;49;24;25;41;35;49;10;35;27;12;47;31;36;44;45;17;12;27;44
29;14;46;22;42;42;12;24;41;48;12;42;48;11;25;47;25;46;12;11;32;18;10;14;25;43;43;20;19;46;44;48;25;33;17;37;39;29;30;15;22;33;17;11;16;27;23;42;11;43;21;13;39;38;40;34;37;26;42;11;28;34;29;19;10;19;35;10;39;38;36;38;28;16;20;40;26;17;27;31;26;25;24;25;15;46;30;17;40;35;15;43;28;45;45;47;12;27;21;14
26;17;19;40;25;12;29;30;44;15;24;18;19;26;37;19;47;32;39;37;26;16;45;22;31;27;24;34;10;45;46;29;49;27;10;41;39;23;35;16;11;21;12;38;40;48;48;46;27;39;46;45;10;46;41;28;48;35;35;19;48;21;47;38;29;15;33;27;40;21;43;23;38;48;11;35;10;25;16;13;35;32;32;26;43;47;27;31;14;41;30;18;26;46;43;22;14;12;47;43
10;42;21;48;35;17;44;13;46;43;31;28;34;42;47;33;16;40;19;39;49;14;47;39;29;37;32;39;17;10;27;49;33;18;23;40;33;23;44;43;27;37;14;49;41;20;49;47;13;21;36;17;18;42;37;47;35;45;29;43;32;10;48;36;45;30;18;21;29;12;10;35;48;19;34;12;43;25;11;28;20;38;26;10;45;18;15;17;30;39;48;10;22;24;11;24;33;15;34;38
11;26;46;44;21;21;29;34;19;13;47;35;22;40;27;40;18;12;11;49;30;47;22;15;40;29;21;20;24;39;29;17;21;31;23;46;26;17;21;11;18;40;30;33;15;19;20;14;13;19;45;14;42;31;24;36;32;27;19;20;28;18;29;23;15;16;20;38;14;42;19;22;46;29;28;32;34;43;45;15;18;42;15;45;47;12;40;38;17;44;42;38;39;49;18;10;13;31;30;25
30;45;36;42;16;28;47;41;14;39;31;48;29;13;35;39;25;31;46;15;31;44;14;19;15;23;23;43;46;33;33;41;16;16;15;33;22;26;19;31;29;25;26;14;24;40;24;42;21;29;49;20;13;49;40;18;32;49;45;20;43;13;15;26;42;30;49;37;18;16;13;24;30;20;25;18;28;37;38;41;30;49;22;12;43;38;27;12;33;19;35;23;32;14;27;26;41;31;42;41
18;15;44;11;19;20;16;17;49;48;41;49;39;18;31;38;37;17;29;45;47;31;19;14;43;47;46;18;14;14;28;37;37;14;11;26;18;21;14;17;30;16;13;10;45;19;45;32;24;27;25;49;49;35;48;49;38;11;34;48;10;43;33;12;43;11;17;41;49;18;38;12;19;40;41;22;49;16;39;27;47;44;15;49;27;48;11;44;24;14;38;12;18;24;24;25;35;45;12;25
17;32;33;14;38;47;27;47;47;15;36;43;31;37;26;23;31;40;27;15;10;24;34;43;40;12;42;19;25;15;15;44;37;25;12;44;42;10;40;46;14;20;23;29;31;11;41;46;15;41;20;29;28;33;45;41;10;25;11;45;22;43;32;13;23;11;23;13;30;24;20;29;28;39;32;11;41;24;22;30;42;48;12;31;16;27;18;22;12;21;33;27;27;45;42;37;32;29;11;42
17;27;44;32;41;19;16;44;48;12;39;39;23;11;35;47;25;46;40;14;20;49;45;46;36;22;26;40;10;49;46;48;47;25;16;35;48;24;39;30;37;29;37;31;23;21;33;29;11;16;48;15;42;42;44;36;49;24;13;44;12;42;38;16;24;33;39;22;29;49;22;12;26;23;17;45;41;40;41;48;36;41;16;39;17;49;35;37;39;24;20;40;45;31;16;41;14;10;21;41
27;46;47;40;33;10;22;44;47;15;22;19;13;49;34;39;41;11;40;21;40;49;45;39;48;48;10;42;14;12;30;49;37;37;49;31;20;16;28;11;43;24;39;37;24;11;29;24;17;44;27;35;10;26;45;22;28;34;12;22;43;33;42;22;25;48;25;13;36;36;20;49;13;16;38;26;44;14;42;25;47;27;16;17;33;39;23;17;42;12;45;17;32;25;42;16;13;38;44;38
18;43;26;37;48;31;37;16;33;44;30;32;40;21;12;40;43;14;49;26;27;43;37;24;10;44;30;14;24;29;24;33;13;14;10;33;34;37;48;13;19;15;26;38;44;39;38;18;33;47;16;49;44;38;15;35;28;23;30;33;25;29;35;32;34;11;38;37;16;42;21;35;12;19;36;27;44;46;19;43;28;31;14;40;31;38;37;14;15;10;31;22;25;46;12;14;30;24;21;35
23;18;28;35;25;10;22;15;24;30;24;22;47;10;36;36;26;39;20;23;32;33;18;10;17;31;10;49;33;27;43;19;46;49;26;36;39;26;37;12;20;23;26;44;35;16;30;15;47;22;21;11;38;17;44;30;41;11;44;24;26;37;28;43;11;11;43;16;41;18;12;14;47;17;47;23;28;38;23;48;24;44;42;40;43;33;38;24;23;27;20;17;36;43;29;12;47;13;31;39
35;38;25;35;12;23;39;37;47;35;40;18;13;34;20;30;43;43;13;31;29;41;13;48;41;15;46;20;36;14;44;45;10;19;13;45;25;10;48;14;25;29;44;32;23;14;32;37;29;19;28;20;11;16;45;40;23;24;11;31;34;15;40;24;20;24;46;44;48;43;13;26;44;47;21;36;45;29;40;29;24;17;31;20;47;36;23;39;27;22;38;10;35;35;47;45;38;46;22;47
45;12;45;10;10;25;10;21;39;48;42;44;18;31;43;13;15;29;40;38;28;24;23;41;12;45;38;36;27;37;21;48;48;11;13;15;19;37;44;15;41;33;10;22;45;12;29;22;13;15;40;35;33;14;16;48;30;17;13;36;22;47;14;31;30;47;48;26;16;46;44;22;13;22;49;27;47;41;16;32;27;33;47;28;14;41;17;18;14;42;31;30;33;30;20;16;41;28;13;41
35;37;40;25;18;35;38;33;34;26;27;20;44;28;49;47;15;26;41;27;43;20;44;37;34;27;29;23;20;46;18;30;11;17;30;18;20;16;38;16;39;31;27;41;28;39;29;30;45;47;21;20;29;11;16;34;37;38;47;30;11;20;34;45;37;35;15;17;17;45;18;21;31;10;14;36;10;45;21;34;21;26;28;44;31;35;21;34;30;32;16;22;27;11;10;44;47;27;27;19
41;29;27;30;45;34;39;16;45;20;47;35;40;42;19;40;20;35;34;16;36;37;38;25;40;43;24;35;42;34;16;33;10;15;47;17;45;21;29;28;38;39;15;47;10;47;15;30;12;49;34;49;36;49;43;47;25;16;28;35;43;21;27;19;48;43;23;13;40;36;24;27;36;16;44;14;45;37;32;33;17;22;36;48;36;31;48;37;28;28;46;24;15;22;33;19;25;23;12;36
41;34;36;29;38;32;32;12;48;21;33;18;25;22;40;11;30;38;35;32;15;21;37;35;38;32;36;32;18;28;37;23;24;24;43;20;31;48;45;47;28;23;31;34;48;37;46;35;38;33;11;48;35;36;16;39;22;26;49;35;48;27;28;36;38;44;17;32;18;30;23;32;45;28;15;20;22;42;37;43;44;44;23;40;48;10;26;49;31;32;37;48;23;23;12;41;32;44;39;44
30;13;44;46;41;44;22;19;22;27;46;15;46;45;47;32;11;10;21;11;49;20;40;29;14;49;13;31;16;39;41;49;47;12;30;34;48;14;28;26;15;23;44;46;39;48;22;48;28;22;45;48;12;37;25;24;29;40;10;14;10;48;26;45;19;45;23;19;33;40;32;27;32;33;27;26;39;25;40;42;43;34;44;48;32;18;29;23;28;13;17;13;49;39;44;35;20;14;15;33
13;12;12;16;19;10;21;14;29;20;20;25;29;42;29;44;22;36;37;41;46;14;16;39;43;20;48;17;26;43;23;21;22;27;46;18;10;24;15;32;26;25;10;35;48;34;49;17;32;14;21;49;14;33;23;47;47;46;42;16;41;26;23;40;30;10;43;48;22;39;43;45;29;30;45;18;22;14;44;21;27;20;38;45;26;15;24;41;38;17;35;15;32;43;28;38;20;21;48;18
22;45;43;46;32;20;31;25;23;33;46;41;46;31;49;41;33;49;43;37;30;41;47;45;33;32;14;27;41;21;28;26;31;34;36;17;22;41;14;23;33;26;20;33;31;43;47;35;38;27;35;42;39;12;38;43;21;20;19;10;45;30;45;30;49;17;10;21;15;36;44;18;33;16;28;23;48;21;27;34;12;34;27;21;15;21;41;40;36;23;22;31;36;36;36;44;15;26;49;39
43;49;35;17;17;39;19;22;19;45;18;19;33;23;27;21;36;23;32;43;35;16;16;29;43;44;14;16;44;48;10;40;40;28;41;24;24;16;19;44;36;29;31;16;46;24;11;31;31;41;38;40;25;32;16;32;16;42;26;38;38;35;47;27;37;21;34;42;17;11;14;11;29;31;47;32;27;23;22;19;35;20;27;10;48;38;41;39;44;12;32;27;13;13;48;47;13;26;11;33
14;49;15;41;37;38;29;39;11;17;46;12;28;13;23;37;25;42;30;39;33;28;14;10;43;27;41;10;30;40;14;46;23;35;33;19;39;39;48;19;32;15;39;23;46;30;26;20;11;29;20;47;28;45;34;14;13;18;38;44;28;26;27;29;33;43;20;41;12;14;32;31;48;49;32;24;31;38;42;13;21;32;26;11;29;48;41;17;21;48;30;15;47;41;10;31;17;49;20;12
31;21;46;42;15;22;46;19;34;13;28;35;25;21;13;23;22;37;31;21;37;45;27;14;29;30;37;14;46;12;34;49;17;34;36;20;12;23;15;37;15;15;37;29;49;14;31;17;17;29;16;26;48;45;13;17;31;14;38;15;37;48;21;19;13;44;17;46;34;15;46;13;21;32;30;49;28;29;40;43;47;25;27;28;46;13;16;44;49;20;44;21;31;37;14;10;37;43;29;25
29;42;29;12;41;40;36;33;41;10;30;30;44;44;29;22;46;45;35;23;15;20;38;19;30;30;33;30;40;45;26;19;19;17;13;11;25;14;38;45;17;37;28;29;40;31;36;41;15;27;17;48;47;45;17;33;21;27;36;33;34;18;39;26;19;28;42;41;33;19;33;13;49;22;21;34;30;42;46;11;38;47;37;41;17;16;20;28;18;12;37;19;32;29;42;32;13;16;36;21
15;16;31;34;41;15;11;25;23;21;36;32;46;35;11;38;28;38;23;42;31;39;23;34;22;21;35;43;47;23;44;11;10;40;19;39;27;12;38;24;16;46;40;38;15;25;21;14;28;28;32;13;36;33;15;17;30;19;45;28;43;14;12;21;21;18;42;16;41;31;20;45;16;22;39;28;11;30;13;18;27;37;15;46;49;48;19;28;44;40;18;30;33;24;32;13;14;49;14;20
29;20;16;17;29;20;12;47;13;49;34;31;37;13;33;33;31;22;14;36;19;30;26;46;20;36;26;37;35;31;19;45;17;19;18;15;19;33;13;10;44;24;41;29;38;47;37;30;26;18;21;46;17;44;38;16;48;21;34;35;17;15;32;49;39;10;24;40;14;10;21;14;44;38;25;33;37;36;30;45;47;17;46;31;11;30;40;47;31;33;23;31;34;36;23;37;40;38;16;18
33;39;30;26;26;26;37;35;20;21;33;42;39;12;12;44;38;24;32;17;49;36;32;38;21;31;45;22;44;15;16;47;21;12;27;33;17;33;26;29;11;49;48;18;19;43;14;12;44;30;16;38;46;26;23;19;17;34;39;30;25;30;48;20;17;17;12;37;23;34;37;39;49;37;36;15;46;12;49;36;36;24;41;19;11;33;30;43;40;12;49;31;27;29;41;30;32;45;49;42
32;34;19;13;41;20;46;18;26;32;41;36;41;49;30;23;42;22;27;43;45;21;39;16;27;37;24;40;19;32;49;41;39;20;14;16;42;30;39;33;24;15;19;17;28;18;47;48;22;44;37;20;25;25;23;49;16;44;30;42;46;35;45;42;47;12;33;14;15;15;28;36;36;18;19;40;17;34;24;22;19;48;18;26;36;35;19;45;48;46;21;45;32;16;46;22;19;44;17;48
26;36;19;13;26;18;15;40;23;13;30;43;23;31;45;24;14;28;33;12;46;35;19;42;23;47;27;46;39;27;34;46;18;45;14;39;13;13;15;17;24;30;14;35;10;23;36;10;19;43;43;49;31;12;43;26;36;11;12;41;19;24;40;31;19;26;32;21;33;40;26;43;37;14;20;44;26;25;25;32;17;10;39;36;29;11;46;44;37;49;20;30;28;41;39;39;16;23;28;10
45;27;47;43;30;25;16;17;30;19;13;16;41;11;25;28;49;17;36;11;16;29;39;25;33;19;20;31;45;28;10;33;47;14;37;11;42;14;17;46;34;10;14;23;17;32;12;49;31;41;20;38;34;35;16;18;22;21;22;43;30;22;16;39;49;33;36;16;25;24;44;10;29;41;30;20;24;19;33;16;12;42;27;22;37;14;47;41;29;38;33;26;43;22;17;40;26;31;17;33
24;48;26;10;16;46;27;21;21;26;42;48;17;31;49;13;33;12;49;18;43;39;34;31;41;27;33;38;40;28;17;45;17;16;36;17;36;49;46;36;37;37;25;27;41;18;22;23;41;25;27;39;35;46;38;20;20;48;17;30;27;22;29;22;13;42;18;33;25;24;48;46;41;39;38;36;46;40;36;42;11;33;26;31;47;20;10;49;40;41;21;42;20;40;17;17;47;27;34;45
46;29;20;42;18;36;31;28;35;21;30;18;41;22;21;11;33;20;15;16;33;46;24;37;35;14;30;21;48;34;25;30;43;23;25;23;25;49;21;23;27;11;24;38;21;20;43;41;41;45;42;30;12;18;14;38;28;16;19;43;28;13;32;14;30;43;37;37;49;47;13;15;14;13;39;36;38;21;34;30;30;42;26;48;23;38;47;35;10;46;49;35;46;23;38;46;40;47;28;40
28;34;31;24;39;18;45;33;31;49;24;46;24;20;25;14;47;28;21;30;11;40;21;29;13;21;45;16;32;29;40;14;15;25;35;33;41;38;36;44;19;40;13;43;35;44;12;12;23;37;40;18;38;17;21;30;14;37;49;32;13;40;41;26;17;33;10;31;18;36;38;27;44;45;23;14;37;42;25;43;28;25;20;29;34;30;23;11;30;34;38;31;37;21;11;46;34;30;44;18
18;45;29;35;26;37;29;39;24;43;29;27;11;27;41;46;14;24;20;19;40;17;18;13;28;12;35;37;16;17;10;14;45;40;20;28;42;42;15;19;13;39;17;27;10;19;25;16;32;23;37;11;14;19;32;25;10;18;41;25;47;37;13;13;49;40;29;13;20;12;37;17;41;48;49;11;42;28;35;41;44;35;15;15;22;22;20;13;14;32;48;46;34;10;17;12;26;22;22;21
33;35;41;28;21;14;24;10;22;42;23;23;41;10;42;45;37;13;26;49;33;26;22;23;30;40;21;46;47;27;19;24;13;20;30;41;30;34;41;48;49;37;34;40;18;34;46;29;37;13;45;30;27;28;13;23;14;36;16;49;41;43;14;38;40;29;11;17;41;39;28;14;42;26;27;24;48;20;19;17;19;46;48;24;49;16;25;32;13;48;43;14;42;32;10;27;34;36;45;45
16;26;28;32;13;21;13;42;17;11;29;31;35;36;22;46;24;30;40;42;21;26;14;48;44;21;14;28;17;47;44;48;48;41;16;44;40;37;47;48;39;19;37;46;24;15;34;43;14;10;25;24;27;27;34;22;41;45;35;21;31;36;36;25;18;31;49;20;49;27;28;30;45;37;43;10;24;14;31;26;32;25;23;25;39;38;17;16;48;46;40;28;10;41;35;18;31;23;32;29
27;21;23;45;39;41;22;40;12;44;31;21;48;33;49;34;38;24;18;28;20;25;29;23;44;27;16;43;32;37;16;35;47;45;31;23;10;27;36;24;24;46;49;11;17;47;22;18;49;47;15;15;15;47;26;37;10;27;47;19;22;46;37;34;36;33;24;48;22;10;28;36;27;22;22;30;45;49;26;45;44;40;17;15;26;20;20;32;38;35;24;46;34;29;30;11;16;32;11;19
26;44;24;30;16;28;44;25;23;35;33;10;46;45;28;29;11;22;22;47;15;44;19;14;11;37;48;38;17;44;29;49;42;45;10;14;38;10;25;46;28;26;11;17;18;37;47;12;45;23;44;29;29;20;10;28;26;35;29;39;39;27;28;18;22;39;21;44;14;24;27;17;12;46;35;46;23;40;32;19;18;28;31;45;19;36;32;48;20;19;28;44;41;31;12;48;11;14;44;21
41;43;12;20;32;21;23;11;22;10;46;38;39;18;20;30;35;45;48;20;20;45;13;44;26;31;23;23;32;35;18;48;24;43;41;11;24;43;40;46;26;12;20;21;17;34;41;34;24;38;41;21;28;47;27;27;45;41;45;47;38;21;44;40;26;33;45;22;38;11;14;27;17;17;45;38;19;46;39;38;19;32;18;21;36;22;36;48;25;39;43;18;13;48;35;46;28;40;19;34
33;38;43;43;48;35;42;41;30;19;29;42;21;19;32;14;12;14;33;17;41;15;12;16;12;42;15;20;23;30;10;20;34;31;36;27;49;41;26;28;17;37;42;46;18;46;17;21;24;11;18;10;40;13;39;18;24;43;22;39;33;31;38;27;29;10;27;15;48;32;30;10;48;31;37;25;20;35;43;49;49;48;43;18;44;41;44;45;45;38;49;29;10;13;16;21;18;47;28;48
23;29;20;43;14;36;39;31;19;27;32;17;48;10;48;12;37;16;24;28;12;31;39;38;27;34;44;29;38;30;16;47;24;38;10;36;10;23;14;41;11;25;43;14;38;10;36;38;13;38;28;28;33;44;48;32;12;12;10;15;18;15;26;39;19;47;10;29;32;27;36;42;11;20;49;16;30;11;49;45;25;36;49;16;49;39;48;43;34;14;29;13;39;49;38;12;22;11;26;12
38;42;35;10;42;29;16;21;34;48;24;22;30;29;47;41;26;31;27;27;20;10;31;46;43;38;30;23;20;32;15;39;11;32;42;13;10;41;24;20;36;20;25;46;22;41;36;33;11;19;26;10;45;30;35;14;32;15;37;11;31;23;34;10;30;11;25;21;30;12;15;45;46;36;33;12;12;25;14;33;30;17;17;43;25;46;49;46;44;38;45;18;18;19;25;13;41;42;28;48
38;23;24;47;27;19;47;19;48;17;11;16;17;33;38;24;13;11;36;49;23;35;32;41;11;29;19;49;39;29;46;31;20;13;42;29;28;43;43;43;16;48;37;21;28;43;27;32;27;49;46;33;27;20;13;36;15;32;16;46;42;35;19;29;48;19;12;27;16;40;26;20;34;20;27;18;18;22;16;19;25;11;33;46;35;46;31;14;15;22;23;23;24;44;16;36;45;29;16;19
28;28;18;33;27;42;23;44;41;44;21;48;10;36;30;49;32;39;12;48;17;29;45;19;33;18;46;17;15;27;18;44;17;48;15;10;28;36;37;28;32;12;18;41;10;40;14;26;47;17;22;41;25;12;44;20;14;29;14;19;38;30;11;48;32;37;22;20;40;23;39;40;36;12;28;38;31;41;31;24;44;19;49;42;30;41;14;19;43;43;26;31;12;31;26;36;11;45;43;20
31;42;21;20;34;13;26;22;30;29;43;38;42;10;21;35;19;28;25;41;18;39;25;47;26;18;24;12;22;34;43;18;28;34;31;16;34;41;27;14;19;29;11;45;31;33;42;24;23;30;41;16;48;48;48;18;34;43;35;18;15;27;37;12;36;29;17;20;46;15;47;27;38;35;38;47;43;28;34;36;15;27;42;17;19;36;37;26;27;44;49;29;38;10;10;19;33;22;49;46
19;19;40;37;16;17;30;38;35;31;38;16;11;11;30;36;33;31;40;46;16;13;32;16;17;21;30;31;31;21;35;15;37;20;32;39;48;29;33;48;27;27;32;36;33;21;24;35;15;32;24;35;12;35;35;35;48;26;11;33;15;21;17;15;26;27;28;20;44;42;16;41;32;14;14;49;27;27;37;10;17;14;42;35;36;45;34;24;33;39;24;35;47;38;25;31;29;31;45;19
23;43;19;29;38;43;35;10;47;21;46;13;27;30;42;41;32;10;48;41;48;18;34;48;22;16;24;41;49;42;43;37;24;45;32;12;49;44;18;49;13;40;33;33;46;30;43;48;19;33;41;49;43;30;25;20;47;21;48;16;14;11;28;21;43;35;16;21;25;30;33;23;40;49;17;48;27;26;24;38;12;33;15;37;21;31;30;29;13;37;35;49;34;43;27;32;13;42;14;33
26;29;30;48;25;23;39;28;47;43;40;25;22;10;22;26;42;23;38;11;20;13;23;45;45;25;44;19;23;16;49;21;20;16;13;31;28;35;18;45;22;47;10;23;47;28;38;22;37;36;20;38;23;38;18;39;41;35;28;24;12;26;38;45;24;49;41;40;35;45;12;10;48;17;10;15;29;30;21;39;23;38;40;40;42;41;29;40;49;33;10;36;37;45;36;10;45;11;41;43
37;33;13;32;15;19;38;39;12;44;11;48;34;24;43;35;12;35;19;25;34;42;43;21;33;24;10;38;19;16;31;18;19;13;25;11;15;29;41;16;20;22;10;30;20;16;15;10;32;46;18;18;19;15;23;26;19;39;17;17;30;29;43;10;32;16;31;25;36;23;42;35;40;35;45;19;27;10;18;43;29;16;13;24;21;11;18;15;37;34;16;39;34;12;15;31;43;15;31;25
44;13;27;47;30;49;30;18;43;32;41;10;11;21;32;24;19;15;25;28;39;22;18;39;34;11;48;35;48;16;14;29;11;19;20;28;12;15;26;26;43;33;37;15;33;30;23;34;14;45;37;41;37;21;31;47;23;48;44;27;43;15;40;47;17;11;21;39;28;14;15;18;10;20;29;31;36;14;44;20;12;24;45;19;26;18;37;29;20;29;47;21;45;15;12;35;26;23;43;31
15;26;24;32;24;46;19;24;40;33;14;37;11;17;37;19;45;39;25;47;38;14;45;23;12;34;48;44;49;31;31;14;13;42;44;44;15;39;31;35;14;41;25;32;15;31;47;29;25;30;42;12;10;19;37;38;18;17;31;33;31;23;48;15;21;34;20;46;26;28;10;24;36;46;18;23;30;39;22;23;21;49;43;43;33;36;29;11;11;23;19;35;39;48;27;20;38;34;45;44
37;43;48;42;29;33;22;11;24;39;17;10;14;26;21;42;46;12;41;16;15;30;38;45;16;37;11;10;16;19;29;23;30;31;29;38;41;23;42;33;19;43;33;27;17;38;38;24;34;19;32;25;14;13;17;31;49;49;30;25;13;34;44;47;24;14;49;10;30;39;29;12;20;47;23;41;16;24;31;20;27;31;33;14;15;13;14;16;35;26;15;36;22;32;26;46;12;40;43;14
39;27;40;47;43;41;11;35;37;17;33;18;18;35;29;27;24;32;25;18;40;23;48;47;43;43;46;19;43;44;47;17;43;48;39;48;44;24;48;17;14;45;43;37;38;23;37;31;26;44;41;21;48;38;47;42;46;27;41;13;36;25;14;24;13;47;41;47;27;35;34;36;44;32;28;31;26;33;32;26;44;40;47;18;38;27;20;44;17;34;12;13;48;36;39;33;27;27;31;27
12;17;13;22;38;16;15;31;39;22;20;17;23;43;24;41;28;43;21;35;19;23;28;49;26;25;29;45;49;21;11;43;22;16;39;29;13;10;35;32;41;19;37;32;11;46;14;24;26;41;36;21;45;31;39;28;25;26;41;39;19;48;33;11;15;39;22;34;32;28;19;14;33;42;19;40;20;47;21;38;32;10;12;38;30;45;47;16;36;10;19;10;28;35;41;30;40;16;17;45
20;43;13;46;46;17;11;33;31;25;20;13;38;32;14;42;42;24;41;46;11;16;48;11;26;23;23;39;23;13;23;19;10;29;44;24;38;32;35;22;26;45;33;17;20;30;38;18;23;10;20;41;25;10;17;25;10;26;26;46;19;42;48;20;18;33;36;23;23;14;17;37;12;35;47;39;40;43;25;23;26;10;25;35;47;12;16;47;21;11;33;33;23;44;17;38;35;22;22;30
15;44;37;38;16;27;42;22;23;36;12;49;36;46;33;26;33;28;32;48;10;16;17;13;17;16;42;12;48;10;33;24;15;30;37;47;29;37;26;31;16;49;38;11;17;49;18;39;47;24;12;40;38;41;34;12;40;39;46;13;19;39;13;38;48;29;22;27;22;48;13;46;32;29;15;40;21;14;41;18;14;49;48;29;24;27;49;44;20;21;30;28;14;41;18;11;36;12;15;27
13;20;49;20;32;41;45;11;20;21;15;44;27;10;32;42;28;36;34;28;33;43;32;44;43;46;42;17;47;35;34;10;18;41;37;28;17;44;23;47;21;18;33;20;33;30;27;17;33;16;40;40;39;46;10;25;35;33;38;16;24;15;41;13;39;35;40;31;41;27;25;38;39;40;16;22;25;41;25;18;48;35;11;43;37;23;44;33;11;16;30;43;45;10;45;32;35;33;24;34
27;31;46;10;25;25;38;28;21;26;41;11;39;22;36;32;45;31;17;19;43;48;30;20;44;27;38;29;19;25;20;39;49;31;21;35;49;46;44;33;28;39;32;39;10;31;24;19;30;33;10;40;19;37;33;49;13;25;14;33;48;30;38;11;24;43;27;33;18;12;47;41;23;47;11;24;13;46;44;35;11;42;30;20;45;36;47;43;15;48;24;47;43;23;12;24;39;34;36;19
42;15;16;15;28;35;34;18;18;17;18;22;15;18;30;42;16;33;45;14;42;10;26;48;33;44;30;30;20;19;42;46;44;28;33;22;11;17;28;16;42;28;37;48;47;38;20;24;12;27;26;29;26;22;31;16;17;18;44;27;48;17;36;18;15;17;30;18;25;48;28;25;32;35;25;37;11;26;21;23;14;31;27;25;24;47;26;22;42;44;12;20;10;23;42;31;47;14;14;25
43;13;27;28;12;38;32;26;42;13;36;30;36;20;28;19;30;19;16;49;41;26;45;32;40;10;26;24;20;20;36;30;27;23;43;48;44;46;45;14;38;30;26;44;11;27;21;26;33;22;48;34;48;41;23;20;40;37;24;25;30;42;36;33;31;17;11;43;46;29;39;45;14;16;35;49;42;29;23;39;35;11;32;44;19;38;46;14;31;36;30;28;43;19;36;26;23;31;48;13
39;21;26;31;19;33;22;31;47;12;32;46;12;24;30;35;20;45;31;17;30;34;38;37;21;23;20;31;46;25;22;12;40;31;13;21;31;13;12;32;39;28;47;38;14;23;38;12;40;33;26;25;41;48;46;22;48;14;39;31;42;32;25;15;20;17;15;49;35;26;39;25;41;16;32;11;43;41;39;14;18;36;21;38;16;22;46;11;26;33;39;16;12;41;47;12;16;16;35;37
10;44;19;46;10;41;47;23;17;13;32;18;11;41;14;12;18;49;28;12;17;32;16;39;29;45;43;15;24;20;47;46;45;21;22;10;47;37;28;14;22;26;49;34;23;11;44;39;20;12;24;44;12;35;26;18;11;43;37;32;14;15;46;33;19;47;24;22;16;34;43;16;37;26;18;35;33;34;32;15;42;16;12;10;16;29;37;38;25;30;45;11;36;17;38;17;46;43;37;44