38;23;47;40;36;34;19;25;11;32;35;25;45;21;24;15;26;29;40;16;21;17;36;48;49;37;23;45;28;19;16;43;10;40;18;41;42;44;22;12;13;47;41;12;27;37;12;49;35;25;36;40;27;17;30;13;16;47;19;29;14;37;37;23;41;36;43;24;45;23;48;30;28;11;24;36;28;24;43;23;10;37;44;26;48;32;32;43;29;20;24;35;11;35;26;32;23;11;14;18
18;42;14;33;13;37;28;38;39;49;30;29;22;13;37;30;29;23;38;39;44;44;39;13;40;29;45;40;30;18;49;41;30;43;12;13;24;14;47;33;16;23;31;26;33;27;42;14;45;42;38;39;20;23;48;14;40;14;46;16;19;37;48;25;12;42;33;20;46;29;33;35;44;27;37;18;41;19;17;35;25;40;33;19;37;40;25;45;46;29;19;37;20;45;26;40;44;40;46;15
48;11;20;42;17;25;18;30;17;22;38;29;32;16;40;40;46;40;29;39;16;26;21;17;13;10;11;44;14;48;23;26;14;17;19;40;47;36;35;38;26;41;39;14;39;37;17;25;39;41;13;41;30;10;28;18;15;12;40;35;44;15;13;22;14;36;13;31;33;13;31;43;13;40;11;38;19;12;37;31;13;48;40;38;37;36;40;33;11;45;23;34;47;27;35;45;35;30;49;19
15;43;33;13;23;35;20;15;12;30;47;37;44;16;18;22;24;18;31;22;47;22;43;45;19;41;45;22;33;11;21;13;15;10;41;37;19;17;36;16;33;41;10;42;41;29;35;11;35;13;29;34;17;44;27;35;28;19;19;40;33;33;24;33;10;37;25;25;46;11;35;17;33;31;34;33;32;23;30;46;41;46;17;31;32;39;25;10;43;27;26;26;14;32;19;20;30;46;35;41
37;13;13;43;37;31;46;30;19;11;27;21;16;40;42;38;30;34;41;29;31;26;47;43;46;27;24;11;23;49;49;19;38;29;32;22;20;43;24;39;35;11;38;38;32;33;28;33;46;12;48;18;22;40;43;45;13;32;26;31;45;33;31;17;26;47;48;21;28;18;48;15;38;12;32;45;43;16;46;12;19;41;39;14;42;13;19;17;29;37;29;42;38;18;41;14;40;44;41;22
38;16;49;18;13;25;46;31;29;23;31;29;18;34;43;37;22;34;43;22;32;45;20;32;26;18;28;13;20;27;18;39;33;19;46;29;39;20;43;34;49;32;14;11;15;33;34;15;28;21;20;22;34;40;16;47;27;25;32;26;24;10;46;40;40;35;45;19;48;22;14;45;48;49;14;48;42;11;42;16;30;34;28;11;41;18;41;34;29;43;22;48;20;36;18;21;36;34;42;35
11;49;49;23;29;13;41;43;35;28;11;45;22;38;44;40;27;35;16;31;38;43;40;11;41;23;33;18;26;21;49;40;32;42;10;18;30;15;31;45;22;11;24;26;20;32;44;48;30;49;44;38;46;45;20;43;17;17;30;45;13;31;33;17;35;29;44;48;17;10;15;12;42;31;22;37;30;10;34;22;47;29;19;16;44;14;33;47;33;31;13;48;28;27;23;42;30;21;19;37
27;20;14;11;21;49;15;36;12;26;18;28;15;40;12;24;36;15;32;22;35;26;38;34;18;38;19;22;11;28;48;42;18;13;28;31;31;39;23;14;22;33;28;33;41;28;38;48;48;13;11;13;30;28;19;31;45;45;23;47;38;26;33;48;11;48;36;34;38;19;39;33;34;17;41;22;18;32;34;32;17;13;22;29;35;35;44;28;27;32;25;38;47;12;35;31;45;15;15;12
41;21;38;36;14;13;30;16;19;31;12;33;25;15;14;29;35;28;39;49;29;10;46;48;29;32;46;38;11;13;29;27;32;24;11;13;20;46;26;39;39;41;23;16;38;10;33;46;10;26;16;46;47;42;47;45;47;22;22;27;42;30;20;49;23;18;43;27;25;45;45;34;41;36;29;31;47;44;37;43;45;15;26;23;18;49;37;48;13;14;12;45;27;21;14;40;41;41;13;28
28;43;32;33;25;42;44;13;27;42;42;20;23;25;37;27;46;41;10;33;28;44;19;41;11;35;39;41;30;31;42;35;15;37;42;22;13;42;11;44;44;11;42;33;27;15;40;12;39;48;45;46;33;37;42;45;27;34;36;34;37;34;41;34;13;12;15;47;25;18;41;34;48;14;31;31;43;42;22;31;22;33;19;18;36;24;24;42;11;41;16;31;45;22;18;42;32;25;33;39
25;25;24;31;10;34;48;22;23;34;21;32;26;22;17;15;21;10;44;19;16;23;39;22;19;20;12;10;20;31;21;38;45;35;34;21;46;48;25;33;14;46;44;32;11;20;14;23;45;44;42;41;21;38;49;21;47;12;12;10;44;30;35;33;20;23;46;31;10;21;21;32;36;47;21;41;15;44;39;17;44;40;30;15;33;28;25;34;37;35;38;31;39;15;22;42;16;15;42;42
28;39;31;20;40;31;39;34;40;46;14;14;35;25;24;12;23;41;12;11;41;48;44;46;42;49;41;29;11;14;39;46;24;35;23;37;20;17;10;43;23;20;11;18;32;10;36;26;13;39;48;37;40;14;36;16;20;34;11;33;19;35;34;10;22;38;23;14;30;26;21;40;28;34;48;21;13;15;46;22;17;10;48;44;11;40;24;16;40;20;37;37;20;48;21;25;45;32;28;47
48;37;43;31;36;30;34;42;35;33;33;44;36;15;41;33;30;14;35;30;17;14;10;30;19;34;26;25;30;27;19;17;48;15;33;12;29;42;28;22;13;38;49;49;19;22;26;45;20;26;25;28;43;22;34;26;12;46;16;23;15;30;31;13;38;34;30;13;38;23;37;21;31;39;27;45;10;34;40;23;32;14;29;13;25;39;40;46;16;44;23;37;22;39;45;37;45;19;47;12
25;27;41;48;34;30;27;45;18;13;47;26;35;13;23;25;49;14;10;39;40;43;27;16;15;31;43;30;26;32;41;19;36;27;13;22;49;36;35;20;45;11;12;13;38;19;49;31;44;20;36;17;47;43;12;41;32;13;30;34;23;23;39;38;15;34;15;48;11;19;19;47;18;26;23;49;16;15;42;41;12;11;42;25;26;46;44;44;48;34;31;31;34;33;46;31;42;14;37;30
47;33;28;34;28;28;18;39;20;47;14;27;13;46;16;25;27;49;25;19;11;15;17;21;46;49;35;21;14;15;49;49;25;34;28;46;21;30;27;31;45;21;16;26;25;24;26;33;25;24;20;32;34;28;49;35;49;29;15;43;15;45;37;32;48;44;18;13;34;41;33;21;26;12;34;18;45;39;24;38;22;31;11;28;13;43;22;14;15;49;37;17;25;46;49;38;19;26;40;19
33;22;18;41;34;38;46;23;25;30;21;42;32;41;16;17;13;41;43;32;18;39;26;15;43;32;27;46;47;23;41;38;35;42;45;44;48;20;13;27;18;21;31;20;46;49;23;46;25;24;38;33;22;46;36;10;36;28;36;18;44;21;25;15;35;15;25;39;17;43;31;19;40;21;12;44;23;10;41;34;17;16;35;33;24;24;18;27;35;35;45;35;44;25;45;41;26;36;46;48
44;11;24;35;21;41;12;48;47;48;10;26;32;11;19;36;14;49;36;19;32;16;10;25;19;30;33;35;27;43;17;20;21;27;10;27;44;21;18;25;18;39;36;12;10;31;11;38;18;31;20;19;17;19;27;36;22;22;16;34;49;36;11;32;46;46;21;25;12;23;26;18;35;42;12;48;44;33;20;23;28;47;27;14;46;20;36;30;42;40;14;49;12;34;26;36;10;25;47;19
45;23;28;13;22;48;44;13;10;28;32;17;36;48;43;20;27;45;48;28;19;41;37;33;32;19;16;28;40;15;41;16;26;48;17;46;36;38;49;23;23;44;42;10;13;26;18;48;22;34;29;25;35;48;42;20;17;12;28;33;19;17;46;49;42;38;14;32;37;38;45;11;49;21;13;23;16;18;38;13;30;28;38;47;35;35;18;21;45;46;34;28;24;35;16;49;45;41;26;47
20;37;30;12;20;42;34;48;18;36;27;28;11;35;29;37;35;44;35;23;36;40;41;23;17;20;24;48;29;34;48;31;27;11;36;24;21;33;30;44;14;38;38;49;36;33;40;36;41;35;47;11;25;23;26;23;19;32;36;26;44;12;27;23;32;48;19;37;37;21;41;13;19;16;32;13;32;28;24;36;20;26;17;49;44;27;38;48;38;14;29;20;41;47;39;26;27;49;25;48
31;34;14;24;39;37;43;18;33;38;28;12;27;43;48;47;47;21;47;24;46;16;10;47;35;19;23;49;45;30;39;18;27;12;35;11;12;32;15;42;30;36;43;17;26;27;43;35;39;34;34;29;29;19;12;35;24;34;17;46;42;45;41;21;24;36;33;11;44;31;18;38;17;14;40;25;10;15;46;12;12;45;13;40;49;14;35;46;12;20;10;27;21;26;37;36;48;32;40;43
34;23;42;48;48;38;20;23;42;25;37;44;45;26;43;23;17;14;33;10;38;18;37;15;27;29;31;48;45;19;18;39;14;23;49;23;36;34;19;31;26;15;30;33;18;18;38;18;35;24;16;36;21;31;17;11;29;13;16;32;38;10;12;17;10;34;37;33;38;16;15;15;43;12;47;18;40;39;15;37;49;39;28;12;22;18;45;30;37;42;18;31;27;12;17;45;44;46;39;36
47;25;31;18;10;41;12;15;44;21;23;18;39;12;48;30;38;38;42;23;26;19;21;46;46;22;15;14;40;15;40;29;22;22;20;38;13;40;29;11;28;34;16;48;18;42;49;30;19;37;36;34;15;42;33;27;26;10;14;14;37;15;19;18;28;23;43;20;18;37;45;10;31;42;43;18;21;31;47;20;12;34;10;17;43;31;33;20;29;35;17;36;44;14;28;22;41;31;17;12
17;25;48;20;22;23;26;10;10;31;22;30;14;22;34;10;40;41;38;25;39;31;11;27;25;35;17;25;19;31;27;20;12;33;12;16;42;20;32;46;46;25;47;46;13;21;26;22;27;35;42;19;12;39;49;27;23;47;37;34;11;27;12;14;18;46;20;10;23;11;43;26;40;18;41;17;19;42;36;46;46;10;41;11;29;18;43;42;40;29;13;19;43;31;27;44;14;25;20;23
45;20;30;28;29;24;21;10;45;48;49;34;11;37;19;24;38;11;49;12;26;17;48;44;15;45;13;43;45;37;18;48;33;13;11;46;47;11;23;19;42;24;38;31;44;44;10;46;13;38;34;20;10;23;38;19;44;37;16;11;20;26;10;16;45;28;17;45;19;40;12;47;27;30;16;21;22;24;17;45;21;49;35;46;40;35;24;47;28;49;30;14;11;27;37;36;27;35;39;16
32;14;41;43;31;41;25;49;45;26;17;32;41;35;26;36;29;10;13;11;18;31;28;12;23;40;31;33;14;36;44;22;38;44;34;10;15;43;36;36;49;37;31;44;31;42;36;31;31;38;39;40;35;47;45;20;17;14;10;38;42;18;33;30;36;25;46;47;37;11;23;39;44;29;45;20;26;23;33;25;12;21;25;18;27;22;18;17;42;44;17;21;10;48;22;12;20;29;28;36
11;11;26;19;37;49;28;23;23;11;33;37;22;46;42;28;44;17;27;44;40;31;43;17;27;26;40;34;24;41;13;47;30;40;48;27;18;38;36;16;45;16;14;41;18;20;31;48;25;31;36;11;40;48;23;25;28;33;18;26;42;25;27;45;36;44;10;36;21;39;23;42;48;39;40;33;39;30;24;40;24;16;34;41;31;33;41;41;14;22;24;47;22;34;39;22;33;45;28;17
43;24;28;26;11;32;47;37;21;11;28;15;24;22;49;31;44;10;32;38;40;26;48;29;17;14;15;48;43;33;19;18;47;35;23;26;44;49;28;42;38;32;13;12;47;11;28;42;47;46;12;24;34;12;32;23;40;26;19;32;15;36;28;17;20;44;45;40;46;11;14;35;29;47;46;22;22;37;14;20;41;13;48;24;17;16;12;10;22;17;48;13;17;39;39;35;25;21;19;36
20;20;17;20;30;38;14;21;34;25;27;28;49;34;47;43;43;24;16;33;10;44;12;25;24;43;30;22;12;15;25;48;19;49;10;34;49;25;12;26;28;14;20;40;10;46;15;35;37;28;22;45;24;43;15;25;41;31;31;10;15;49;10;45;32;34;13;19;42;43;30;10;13;35;29;24;27;26;18;32;16;38;26;40;26;38;38;46;42;47;21;19;45;20;20;45;47;19;20;48
44;38;39;20;34;23;46;47;40;46;26;45;24;41;33;20;11;35;37;22;45;21;13;11;12;41;14;11;22;16;48;48;19;46;34;23;35;34;26;46;45;11;17;45;46;15;47;22;26;17;15;34;31;26;42;28;23;27;42;13;13;36;37;27;27;18;13;18;32;34;34;44;34;39;24;32;14;45;10;36;21;22;48;41;33;39;43;26;22;29;28;10;15;15;13;15;34;28;44;41
46;38;34;41;41;25;44;20;22;16;20;38;28;48;46;28;42;16;14;49;11;46;21;31;39;46;20;32;27;42;41;10;32;13;47;40;15;36;46;11;44;28;28;15;27;17;23;31;12;44;36;49;44;31;24;11;28;19;10;47;32;35;10;48;22;14;14;17;40;35;31;40;20;37;15;18;49;37;44;29;35;44;38;12;22;41;40;13;27;17;30;30;47;42;15;27;15;32;43;18
36;49;21;43;31;37;38;46;37;47;43;33;47;14;13;47;49;44;34;15;10;27;15;12;32;12;19;22;23;11;40;29;39;37;24;38;34;33;25;31;30;46;37;19;18;34;41;24;46;27;41;26;45;40;24;44;41;43;13;10;21;33;28;39;14;27;20;34;19;43;23;30;15;44;18;12;17;42;33;40;49;29;38;42;34;31;48;36;39;46;37;41;23;45;22;45;25;23;15;13
24;38;25;35;26;29;43;27;25;41;43;19;31;15;47;38;21;11;43;12;32;48;33;23;40;38;19;34;15;25;12;18;25;13;18;25;14;30;11;48;11;39;16;39;19;29;16;24;24;22;47;44;20;39;24;27;10;28;34;49;13;15;35;46;15;18;18;23;34;13;24;19;33;42;10;17;17;31;40;37;38;21;34;23;17;35;20;42;27;23;17;34;40;20;14;14;44;34;17;33
15;46;14;12;40;34;42;30;37;32;35;15;49;18;43;14;22;46;40;48;29;14;16;19;10;38;35;43;20;25;29;22;38;31;14;26;12;11;49;17;27;40;17;46;36;20;12;21;32;11;10;30;46;28;47;41;13;10;39;28;25;41;42;31;38;43;39;27;23;43;30;21;45;19;40;19;38;36;32;45;18;30;10;30;41;19;16;40;20;39;16;46;19;39;34;39;45;48;40;28
18;44;43;41;32;47;21;32;33;41;38;36;39;13;40;15;15;36;28;29;20;31;37;28;46;27;25;21;38;26;15;12;13;12;47;31;42;37;30;31;48;39;43;13;23;34;29;12;36;27;14;36;25;42;20;23;46;14;14;48;30;49;37;34;23;10;44;27;21;21;17;38;42;44;46;28;31;48;48;21;37;18;19;27;18;40;49;44;24;44;22;38;41;43;31;48;34;26;28;41
48;26;20;35;23;13;39;36;31;20;13;34;27;42;44;32;20;26;14;10;40;20;32;33;48;17;39;13;28;10;21;33;22;21;19;12;42;21;37;41;19;33;37;47;35;27;17;38;45;15;20;48;25;47;46;28;43;18;33;37;39;16;14;41;43;41;21;15;45;16;16;46;44;31;27;29;21;14;37;18;38;35;49;18;29;19;43;36;23;12;42;40;21;44;31;13;24;17;28;15
36;41;18;40;45;10;35;49;28;18;15;43;32;45;11;34;46;47;38;22;13;11;49;40;49;35;22;44;28;47;28;10;29;45;18;30;31;36;39;33;15;16;16;14;36;10;35;11;34;48;49;19;28;28;37;44;45;39;31;41;21;48;14;41;12;25;26;45;38;49;25;21;49;48;13;44;24;37;37;36;31;46;38;46;38;47;15;30;32;22;19;30;27;23;48;36;41;25;45;33
38;11;15;22;30;15;36;27;10;21;49;23;35;15;27;33;33;25;37;21;30;31;42;13;19;34;15;29;28;43;27;22;20;41;36;15;44;19;21;28;28;22;14;47;28;45;44;14;42;27;27;33;22;18;44;27;44;35;22;45;44;46;23;14;40;11;34;26;22;10;20;34;31;18;23;13;32;16;43;37;13;32;45;12;46;14;27;13;45;21;39;44;13;32;16;13;33;25;30;16
22;31;29;24;36;23;16;49;35;45;20;28;17;22;37;19;11;25;25;42;25;45;36;14;22;14;11;31;32;38;17;32;18;29;12;16;20;13;35;33;14;48;22;17;31;17;14;39;11;47;15;49;29;17;42;28;25;18;13;43;30;40;25;17;23;26;11;27;30;44;11;47;16;40;21;17;23;14;32;27;21;44;44;16;24;41;33;48;28;44;25;25;30;21;47;24;15;11;25;26
16;12;15;11;39;46;13;39;40;41;17;11;49;31;31;10;30;13;29;26;48;12;15;39;40;40;25;18;22;48;27;29;35;45;35;36;38;22;23;31;31;11;10;22;19;14;24;31;36;27;17;18;46;49;45;34;26;11;48;12;41;41;20;45;20;38;11;32;27;38;19;44;19;42;32;39;19;14;18;42;26;35;41;42;36;11;25;38;24;38;11;36;42;45;47;16;12;47;10;25
38;36;12;17;30;43;34;38;36;29;46;49;23;47;48;31;41;19;16;25;36;38;30;36;45;14;20;43;30;35;31;20;10;26;40;21;33;25;48;27;41;22;40;24;38;48;46;44;10;28;16;22;42;34;22;45;49;23;29;48;15;34;45;44;45;39;19;13;41;24;31;45;14;23;11;10;28;25;43;47;17;34;10;42;40;45;38;31;26;29;38;24;40;35;27;32;49;43;23;18
22;40;48;17;15;40;49;16;44;13;17;32;38;40;39;16;41;37;28;38;41;20;12;43;39;41;15;31;37;11;34;45;17;44;16;13;26;33;17;46;26;30;16;43;23;22;44;24;35;32;17;18;21;13;27;12;35;35;19;18;13;49;33;34;20;22;20;17;16;12;38;40;21;11;29;35;25;24;41;30;49;42;19;13;43;25;37;15;44;12;28;28;47;22;28;11;37;18;29;49
17;34;27;43;33;18;25;49;40;18;32;27;14;22;24;16;12;12;12;16;38;27;12;33;31;32;27;19;41;30;47;40;46;19;21;38;33;36;12;13;41;17;36;48;45;12;25;45;39;43;38;19;32;22;38;40;20;34;26;15;23;23;40;11;45;29;38;21;20;20;37;19;27;18;37;31;45;18;13;31;34;24;43;24;18;35;33;29;17;42;10;15;14;34;22;21;26;24;37;46
11;16;12;43;43;13;22;12;30;45;22;10;28;41;23;42;43;13;31;32;14;44;13;33;11;32;47;34;19;14;33;40;34;43;15;37;38;32;20;35;39;36;26;45;12;11;35;30;28;42;33;17;17;32;20;26;24;40;13;42;36;48;42;29;34;20;49;17;22;39;25;36;33;25;40;48;18;43;44;39;43;14;37;43;34;29;15;14;23;29;29;15;13;47;43;23;21;33;19;16
18;42;11;11;11;32;10;15;21;25;35;43;24;34;23;42;26;20;24;20;34;10;48;35;40;42;14;19;14;16;38;13;47;36;48;21;49;21;46;18;21;49;19;14;26;27;48;42;28;32;10;15;38;34;48;36;43;12;16;23;38;12;15;28;37;27;24;39;14;16;10;40;30;45;11;18;43;47;21;34;42;49;19;12;12;43;26;48;32;41;28;21;12;24;49;44;49;29;47;14
25;42;42;44;18;46;12;10;45;44;20;25;29;31;14;25;13;46;32;44;14;14;34;39;24;29;37;29;18;35;28;41;23;12;43;26;41;36;28;11;47;15;18;22;28;13;29;25;18;10;16;11;14;42;48;22;37;20;10;28;15;12;10;42;27;44;30;32;32;15;31;29;15;18;15;33;38;24;47;41;47;10;24;20;40;11;14;12;37;46;27;10;40;41;13;23;31;42;46;32
48;19;46;35;32;29;40;37;10;23;37;34;21;16;49;17;27;28;47;32;42;34;26;29;44;34;42;47;11;12;48;26;39;36;32;17;13;23;48;15;32;32;36;43;21;24;38;27;17;48;47;42;24;37;32;41;16;44;49;15;17;49;37;47;36;41;46;27;16;32;33;29;25;13;29;29;48;12;25;28;36;16;10;37;26;29;29;48;10;38;25;32;13;26;11;39;45;17;35;48
24;34;36;24;43;19;31;32;17;31;45;47;11;32;30;24;26;17;29;21;29;36;23;34;17;35;47;22;33;17;24;38;13;42;35;14;49;21;38;40;36;26;39;32;23;20;49;17;16;48;14;10;27;16;15;20;46;37;29;10;38;35;43;23;35;20;28;22;20;38;21;27;14;14;17;30;12;22;34;39;43;46;42;14;10;48;34;27;30;45;41;44;22;16;11;41;45;36;42;37
33;28;37;14;45;31;44;30;16;18;25;32;28;47;39;38;13;45;37;33;27;49;14;12;11;28;21;15;42;34;22;35;40;11;22;48;19;36;14;26;34;47;34;43;27;18;34;30;23;38;12;24;40;23;45;18;25;47;21;13;46;17;23;20;41;42;39;47;36;13;19;18;11;21;17;38;42;45;23;28;16;41;33;12;19;34;26;31;13;24;12;11;24;33;30;20;26;32;26;35
15;10;35;30;38;12;12;38;36;25;21;30;11;32;23;33;13;11;32;22;43;36;46;35;42;11;20;17;20;14;46;47;39;46;23;12;38;25;21;20;22;19;47;43;12;49;13;15;34;12;12;15;41;42;31;39;18;48;27;27;30;18;23;16;10;14;24;15;41;19;38;40;34;18;43;12;43;40;36;18;42;28;49;40;18;47;43;39;47;44;26;34;41;12;33;48;41;28;31;25
32;49;41;22;40;15;30;34;14;41;21;47;17;18;45;30;32;22;46;39;28;33;49;35;46;43;40;15;11;19;25;42;36;47;20;49;16;28;16;49;49;49;22;14;20;39;11;10;41;34;23;45;47;24;22;47;16;16;45;36;41;37;28;28;38;41;28;46;40;16;22;47;46;11;39;10;39;20;12;15;24;28;42;31;14;20;39;41;12;46;23;15;43;45;40;37;46;22;18;35
20;12;17;33;39;17;36;22;13;38;42;18;44;37;37;25;38;16;12;27;44;49;25;45;17;44;35;11;49;49;18;40;26;18;26;40;13;28;43;36;14;21;47;24;17;45;26;42;20;20;11;22;43;32;49;42;35;31;47;25;41;29;31;35;44;10;22;44;39;34;29;39;15;35;23;33;32;39;32;38;32;32;10;32;33;36;15;19;20;40;43;35;17;46;48;23;22;24;47;22
34;34;48;11;29;35;10;45;39;40;12;41;33;20;49;48;31;28;15;43;31;49;21;20;34;33;25;13;25;45;43;37;12;28;46;10;35;27;49;21;48;39;11;31;20;11;40;44;27;48;41;15;29;46;49;23;34;44;30;44;11;43;36;44;39;30;10;39;36;46;10;29;44;24;31;17;25;18;45;37;43;23;43;11;12;39;40;16;24;35;33;15;45;13;34;42;29;24;27;16
23;18;26;46;38;19;44;34;20;47;49;19;31;23;11;28;44;29;21;36;49;14;48;34;48;20;32;36;14;34;33;37;27;11;11;36;32;19;24;14;18;42;30;19;37;18;46;33;39;10;32;34;14;18;39;17;45;12;20;42;39;19;21;47;19;39;28;28;27;20;11;18;22;26;42;40;43;21;22;16;33;41;17;20;44;48;23;13;18;31;14;11;10;45;35;33;38;40;20;30
31;40;46;42;18;18;19;36;44;23;47;46;44;19;49;40;19;17;47;29;46;11;32;16;40;16;31;24;24;49;40;45;27;21;48;21;34;32;23;44;42;23;48;23;39;43;40;33;46;28;15;16;38;22;32;24;42;24;47;35;13;16;39;49;28;21;15;21;29;27;13;17;25;23;24;23;35;20;26;40;25;30;46;12;31;14;29;11;23;36;46;14;39;35;11;14;14;49;36;21
14;23;37;12;47;12;13;17;27;34;29;20;22;37;47;46;11;49;27;27;24;30;36;30;33;20;14;15;38;32;25;37;22;30;46;26;47;22;37;10;48;21;38;41;34;37;43;32;45;24;30;43;38;12;43;10;17;19;29;32;33;36;34;34;47;33;32;37;21;38;18;33;11;11;44;35;17;31;17;49;20;30;26;17;44;32;24;23;43;20;35;46;18;23;10;18;16;44;19;32
33;20;48;18;27;49;44;19;13;44;23;40;17;46;43;44;11;38;37;31;38;22;16;46;44;41;38;25;47;37;45;48;40;14;35;27;46;22;45;10;47;36;48;12;38;15;41;12;14;47;27;45;20;13;10;32;17;23;23;46;10;36;32;23;17;37;42;27;35;47;32;33;29;10;49;42;16;44;12;41;35;45;48;44;13;21;42;45;39;33;47;41;42;36;48;17;31;44;38;14
42;22;21;20;46;20;27;22;31;13;15;25;15;11;19;35;37;30;26;47;31;37;42;23;29;47;30;40;23;46;48;42;21;26;39;45;36;19;48;31;26;43;44;44;18;23;45;33;31;44;32;18;34;12;38;30;44;47;42;17;44;14;38;10;13;46;36;46;11;43;36;16;15;42;16;33;49;41;16;42;18;27;10;47;33;30;33;42;17;19;38;26;34;29;38;13;37;37;13;32
27;37;18;15;21;36;32;47;44;26;37;29;13;16;42;16;44;27;20;48;23;34;43;29;16;30;12;13;14;29;47;34;40;38;15;46;19;38;14;12;37;48;17;16;10;36;39;11;12;41;38;36;32;32;48;26;20;46;38;34;13;30;42;24;23;16;32;29;49;45;12;12;10;31;13;23;41;20;37;23;21;46;16;39;35;27;25;32;31;16;31;36;30;27;35;37;43;39;12;39
19;19;15;24;40;14;12;23;23;42;38;11;21;15;47;42;21;15;32;31;37;30;36;14;25;45;12;46;18;18;44;34;27;10;15;33;37;16;27;16;15;43;49;40;25;16;22;17;34;23;49;49;24;25;15;49;38;10;21;47;41;11;33;33;42;26;15;14;37;21;10;45;11;21;21;41;23;28;39;33;33;31;13;11;41;21;11;21;42;10;30;24;37;16;28;42;43;14;26;11
48;27;37;27;19;21;47;35;40;11;39;27;44;37;20;25;46;22;19;34;43;36;49;24;36;30;20;21;28;45;34;10;16;27;21;45;38;29;12;49;20;49;12;26;21;41;43;29;22;42;41;26;27;32;38;33;40;14;36;32;42;31;24;34;22;41;17;45;39;17;23;37;19;43;17;45;33;47;41;45;48;12;30;41;18;17;31;32;42;16;46;36;42;18;45;33;26;39;41;13
20;19;46;28;42;29;17;24;12;40;32;48;18;46;43;34;17;43;23;46;18;12;26;48;39;35;37;33;20;22;34;44;12;28;39;25;12;38;30;40;38;17;46;14;27;13;12;10;42;27;23;33;31;27;18;26;23;27;32;10;41;16;26;41;31;47;21;36;40;39;26;15;30;32;22;27;41;49;22;35;47;33;34;28;42;34;17;17;45;41;30;34;24;30;38;21;28;20;47;22
32;27;29;42;31;11;35;20;24;48;41;47;32;36;38;45;30;23;27;15;29;19;22;20;16;16;44;20;40;49;15;45;28;26;19;38;49;28;46;22;42;40;26;38;29;18;14;35;17;49;49;31;10;36;10;17;47;10;46;32;35;16;32;24;19;49;49;31;29;42;43;39;26;32;13;37;46;23;17;23;19;35;19;48;32;36;49;36;28;20;23;36;13;37;16;41;44;26;42;46
26;46;37;15;24;28;29;29;12;29;10;33;36;35;19;41;20;43;24;44;32;22;25;41;10;29;47;35;46;25;26;33;36;26;20;26;18;46;32;20;37;12;37;12;39;26;29;26;34;33;16;49;44;12;36;29;45;24;18;46;45;45;18;16;47;31;38;24;36;39;27;49;17;41;19;13;10;22;38;44;30;38;30;31;20;26;31;30;40;27;40;30;41;35;30;16;15;42;37;41
14;18;46;49;35;47;19;14;38;19;14;47;45;13;24;36;20;28;28;34;23;24;48;42;25;16;18;19;27;14;34;18;15;32;11;35;23;29;35;29;37;30;21;37;16;32;11;32;23;32;37;14;39;30;41;33;26;40;19;19;19;44;16;20;10;14;34;46;23;32;18;22;33;37;19;12;41;37;10;34;40;40;43;17;40;45;39;48;26;33;48;21;10;16;26;28;28;18;31;26
17;47;10;46;44;24;19;30;13;48;36;19;18;11;24;44;47;28;10;15;38;29;46;25;35;14;34;48;36;45;30;44;38;48;47;18;10;40;17;17;16;43;43;13;23;45;25;11;39;28;42;20;12;20;11;10;27;16;36;37;14;26;25;13;23;41;22;25;23;32;41;48;47;48;43;32;32;17;15;30;36;30;34;39;34;35;38;23;43;24;26;20;14;17;39;20;45;46;25;33
34;23;27;45;15;33;14;49;24;44;14;38;33;47;36;47;33;19;12;41;46;22;45;14;30;28;36;29;29;33;30;20;34;43;22;14;47;41;31;20;23;18;13;45;30;25;45;26;27;17;46;27;23;42;20;42;49;24;18;43;30;38;32;13;34;43;16;27;39;38;12;14;28;48;16;24;23;44;20;33;29;37;12;36;14;18;10;16;36;25;33;11;20;29;28;28;12;40;44;26
44;40;31;32;45;41;39;48;17;21;23;11;49;15;39;49;48;11;39;38;28;14;39;21;41;21;44;37;35;15;33;10;45;15;24;13;13;33;24;16;20;13;33;40;22;30;24;28;23;22;29;25;29;22;19;15;16;11;24;22;34;40;41;47;19;23;40;45;46;13;48;22;22;22;27;44;23;17;49;33;30;41;35;45;12;48;46;10;43;10;11;39;28;26;27;36;30;12;44;35
17;14;38;34;40;16;25;23;13;13;24;38;17;11;11;26;41;47;27;27;40;41;31;10;13;10;12;12;23;37;26;45;13;16;41;36;25;27;43;44;36;15;15;22;27;37;24;13;20;25;29;12;11;28;36;47;12;19;48;18;34;35;16;37;20;13;30;41;32;42;17;38;13;48;43;11;18;40;33;19;39;43;29;46;17;31;19;43;31;30;35;19;18;26;39;36;19;17;42;31
28;10;21;23;12;13;17;46;48;22;12;30;24;37;32;42;32;48;14;49;43;26;27;42;48;25;15;49;25;19;21;31;36;15;26;48;15;21;48;26;10;43;46;25;47;39;31;23;48;46;17;37;12;47;25;36;39;38;10;29;30;13;32;44;26;42;13;49;17;16;48;38;11;44;12;37;13;35;18;12;16;49;17;17;23;30;45;18;31;43;10;11;42;20;41;31;39;49;39;13
40;27;30;48;43;42;10;45;29;37;31;26;41;13;34;30;16;21;41;43;42;44;44;49;16;35;34;34;11;22;21;12;39;20;20;36;41;44;36;26;31;26;30;36;18;47;28;11;46;32;29;21;11;14;35;38;46;15;33;27;45;42;18;11;45;25;49;45;39;11;29;10;23;45;28;24;10;16;25;16;36;16;39;28;49;35;23;15;30;33;47;41;24;41;19;33;17;11;13;36
19;28;11;44;16;40;49;47;30;36;16;41;22;39;15;39;33;17;29;27;14;26;10;43;37;34;46;48;44;24;21;45;49;41;38;33;34;20;49;15;10;11;25;47;19;35;33;26;49;24;30;43;14;14;37;37;29;32;44;41;31;16;30;19;36;17;35;21;28;37;25;41;23;45;27;23;36;42;38;27;19;26;27;49;20;11;22;43;15;22;39;22;14;31;47;36;23;27;15;11
10;44;30;42;23;35;25;26;42;24;19;30;24;48;15;23;45;10;22;49;11;34;20;20;11;15;49;31;35;45;31;45;11;37;32;12;42;22;26;48;37;30;25;49;21;32;15;21;13;27;10;40;48;18;25;44;34;18;45;44;20;45;38;14;22;17;29;37;37;15;16;29;16;35;16;35;23;38;27;16;38;10;10;19;31;26;32;44;32;35;47;30;30;21;38;10;41;29;34;22
44;18;32;18;34;49;42;37;15;31;28;10;25;27;28;38;12;32;48;11;19;16;28;24;40;23;41;10;40;45;48;17;38;38;47;12;18;16;15;34;32;39;11;18;45;24;15;14;45;30;20;16;26;31;17;45;46;45;40;41;48;46;25;48;11;30;20;21;10;12;34;30;48;32;15;47;27;35;43;11;34;16;28;13;25;33;28;15;26;44;31;47;20;15;45;13;47;44;47;16
24;29;41;44;17;40;43;32;14;38;39;36;16;25;27;26;35;24;49;39;25;10;16;48;19;36;40;35;47;49;30;21;47;26;32;16;19;18;49;18;23;30;27;37;40;10;16;16;45;24;45;26;25;46;36;19;49;41;36;47;40;30;44;33;16;18;20;11;46;21;45;20;41;29;21;48;30;11;30;37;29;19;38;41;14;10;47;31;46;28;25;16;32;14;20;17;26;46;32;36
29;25;16;38;21;19;42;30;48;31;10;42;37;31;10;20;11;36;37;39;34;11;17;47;19;47;37;13;12;26;15;20;42;46;47;16;38;43;17;45;26;49;14;22;39;12;38;15;38;41;27;11;27;49;39;40;26;42;31;37;46;23;39;13;26;11;27;44;48;44;30;49;14;19;41;39;33;24;35;33;48;14;49;35;32;26;13;29;18;12;26;39;15;17;43;21;40;35;44;20
43;35;41;19;47;48;45;29;48;35;20;14;12;36;32;22;42;40;26;40;20;38;11;16;29;33;49;14;47;46;44;18;31;16;23;30;23;34;49;45;43;23;24;14;35;39;25;30;23;20;27;16;35;12;46;41;13;31;21;23;18;14;38;46;12;16;16;44;49;33;10;29;13;17;10;33;27;12;49;14;16;27;42;39;30;40;27;33;27;23;33;36;44;19;44;47;39;44;20;30
48;38;10;28;15;42;10;19;49;15;49;34;10;15;30;40;30;45;43;26;30;33;18;40;26;11;37;23;11;47;43;39;10;16;41;20;40;22;13;38;20;28;16;17;34;41;10;46;36;33;28;33;39;13;37;42;33;41;27;25;41;19;26;42;35;23;35;41;44;21;22;23;39;31;35;22;34;16;11;43;49;36;35;20;16;22;33;12;25;30;35;36;12;14;12;48;25;34;39;25
18;29;49;32;35;38;14;45;28;46;26;30;18;30;31;30;31;49;17;42;49;35;10;19;13;24;15;32;15;38;25;17;38;29;26;37;48;15;33;46;33;35;25;40;48;42;14;28;41;25;47;26;11;46;20;25;16;15;45;32;16;12;11;12;34;39;15;35;26;47;22;21;45;41;42;35;30;46;16;46;17;21;37;14;21;34;40;20;48;34;35;35;46;44;12;32;42;43;26;10
22;49;47;14;14;14;18;38;18;31;40;32;38;18;33;22;48;40;22;19;35;37;17;24;10;35;14;41;26;40;28;27;35;48;23;36;40;40;30;43;23;19;24;24;32;32;31;37;13;30;17;47;37;48;29;40;41;19;24;40;42;43;33;22;21;24;20;30;24;13;29;31;39;45;11;19;17;40;37;24;21;15;38;37;47;14;21;16;44;48;48;46;40;26;22;23;47;39;11;36
29;48;43;20;38;24;43;19;46;31;17;41;11;49;40;19;19;28;49;17;31;13;11;37;46;32;12;12;38;33;32;37;34;28;23;12;43;38;43;40;32;24;28;44;18;15;26;19;24;18;48;41;12;14;45;25;42;27;13;46;38;11;24;45;22;35;18;42;20;46;31;49;14;23;42;32;16;36;19;29;30;36;45;42;11;18;45;32;12;14;46;17;18;13;40;36;44;14;31;31
23;19;42;20;26;42;23;20;48;37;23;33;46;46;38;42;49;13;32;38;43;16;16;43;24;14;26;21;20;41;48;35;37;36;44;21;20;21;23;11;39;46;36;37;25;17;48;27;34;24;47;24;22;13;17;38;34;15;32;39;24;26;33;24;29;28;28;44;12;39;16;31;20;23;19;36;34;43;48;27;46;17;46;24;14;18;10;26;32;17;10;13;43;34;37;31;48;40;31;16
19;20;18;21;15;23;19;31;25;35;36;15;40;29;13;21;21;32;33;33;13;22;46;11;37;20;47;39;45;48;28;44;37;43;42;19;13;13;11;48;41;27;22;45;12;18;45;29;27;37;47;22;44;21;22;26;21;13;40;36;42;32;22;40;22;32;10;35;12;20;38;35;22;22;36;41;15;26;25;29;40;42;16;12;35;12;20;49;21;29;46;36;11;14;26;10;43;27;11;28
25;49;33;22;12;36;30;39;26;40;18;45;47;26;38;32;31;48;28;20;14;39;41;26;19;10;17;38;27;17;30;34;30;25;42;38;46;14;25;13;21;26;25;40;24;18;49;49;28;10;35;28;30;32;15;48;11;34;23;34;14;42;13;28;47;11;47;35;48;35;11;20;15;11;34;17;25;38;11;36;39;24;22;11;11;43;30;41;14;31;11;13;19;37;12;31;49;32;31;28
27;14;33;39;11;20;33;26;38;10;33;39;30;47;29;40;35;17;46;42;31;18;24;31;29;41;21;47;28;41;36;32;14;11;29;36;18;47;15;16;30;44;31;47;34;11;40;40;25;44;14;49;23;38;39;15;10;26;11;39;20;37;35;22;41;40;13;21;10;46;18;25;34;48;32;33;43;37;36;41;15;48;43;42;12;47;40;27;28;45;49;35;12;20;45;20;27;21;17;43
19;29;30;25;33;39;10;48;34;18;25;40;49;36;18;16;24;18;47;31;31;20;30;47;21;14;34;36;37;24;34;23;27;42;44;41;25;16;37;24;39;40;23;41;31;10;21;27;26;33;18;23;45;42;24;15;43;19;41;45;35;43;25;14;19;48;43;25;14;33;11;17;37;49;37;23;26;29;17;13;32;37;10;12;30;41;27;17;34;46;46;33;25;41;47;31;35;16;31;48
12;14;24;32;39;27;11;22;14;22;13;43;34;49;23;27;35;19;20;13;36;27;37;36;21;18;40;21;13;18;33;24;19;10;15;28;46;33;42;20;37;23;14;26;33;15;35;47;49;26;29;41;14;29;16;46;24;40;33;38;48;21;21;29;15;21;34;48;35;34;11;42;22;29;37;39;21;19;25;33;27;14;44;43;49;10;47;36;43;26;39;18;37;46;26;37;20;49;26;30
23;37;30;16;26;26;28;21;31;21;19;49;40;10;24;45;49;18;19;20;15;22;32;21;34;25;16;42;33;40;23;32;17;49;42;49;39;20;16;18;24;30;27;14;29;27;24;11;17;34;15;17;32;34;24;45;14;13;39;18;34;48;33;43;39;11;23;18;11;49;44;33;19;19;13;33;19;23;45;16;49;48;33;41;36;48;16;45;37;21;21;35;19;32;16;25;11;26;15;43
10;25;18;36;34;45;34;32;24;46;12;41;18;40;16;16;31;15;33;16;10;12;30;23;14;30;49;48;39;30;39;46;35;30;23;12;39;18;45;43;31;21;47;39;40;28;38;46;44;49;45;43;33;12;44;23;32;41;22;20;17;27;11;45;33;43;40;41;18;31;19;35;29;28;45;47;43;41;48;15;36;34;35;16;43;49;43;29;31;49;42;28;11;37;40;20;12;18;36;13
40;43;20;29;47;33;47;27;13;45;37;26;35;32;28;16;13;11;37;37;16;32;49;27;10;36;20;26;17;21;20;41;26;39;49;38;24;26;43;12;41;25;18;13;47;15;38;43;46;30;48;32;26;38;13;17;41;39;26;27;44;23;15;45;34;30;35;45;43;14;38;17;42;33;29;31;43;15;40;15;28;27;47;19;44;14;41;41;48;35;43;34;35;11;31;25;15;16;37;13
38;41;18;45;47;12;44;22;35;21;26;38;22;11;18;47;33;35;23;37;15;34;23;36;25;27;15;19;37;25;29;30;44;29;41;12;36;48;12;45;18;21;12;21;27;44;39;45;19;24;17;25;30;40;14;37;28;16;29;30;31;38;16;49;28;18;15;12;39;12;33;11;21;23;31;48;44;19;14;29;18;20;10;48;31;19;35;12;24;13;24;31;41;23;13;27;40;19;33;16
10;41;41;27;36;35;12;20;49;11;38;23;39;43;21;34;37;20;32;21;26;30;44;37;13;46;24;18;34;27;23;17;18;47;44;39;29;14;38;21;30;26;37;16;31;32;11;38;24;20;14;48;33;11;20;16;13;39;43;20;33;17;29;15;28;27;43;13;32;24;25;23;17;22;41;38;19;20;25;33;39;48;47;28;47;15;11;34;36;22;26;10;35;19;13;36;27;48;18;33
23;45;25;10;41;12;19;34;18;46;19;37;33;37;20;10;35;39;37;46;32;44;47;47;14;44;47;26;39;28;10;12;39;39;31;36;24;17;34;21;28;27;13;26;38;13;26;12;26;14;19;30;27;32;40;10;33;32;46;37;39;46;26;10;15;19;15;34;37;11;22;10;46;20;19;13;40;46;34;16;18;28;23;24;10;12;17;14;40;10;47;42;35;48;30;44;34;38;28;38
22;22;35;11;38;25;27;47;41;43;10;24;33;29;38;30;39;46;25;43;17;21;31;25;14;37;22;39;40;39;20;18;40;30;31;17;18;19;28;39;40;29;15;42;32;25;31;11;24;10;20;15;20;39;34;28;28;18;29;15;12;27;44;14;17;29;35;37;31;46;42;15;48;10;45;38;11;47;34;30;38;15;14;16;38;42;17;37;33;13;40;23;14;48;10;42;23;37;22;18
28;26;32;15;27;11;24;42;36;26;21;33;16;15;15;30;42;33;43;27;30;40;10;20;15;16;29;13;22;32;33;10;23;23;32;31;11;37;42;13;33;21;16;49;20;36;21;32;29;11;25;19;14;24;23;47;34;14;17;11;19;14;34;27;37;12;26;20;28;38;49;25;18;39;41;12;23;39;37;15;42;38;44;23;48;43;42;31;31;35;31;38;39;18;26;40;36;46;26;49
22;37;33;11;35;16;20;23;43;38;10;30;37;13;41;21;36;26;13;44;36;45;34;24;22;26;23;37;27;33;26;18;45;38;25;44;31;16;41;17;49;19;49;48;13;19;19;42;28;40;49;47;33;42;24;33;14;10;29;13;22;32;13;32;13;45;43;48;21;22;15;43;17;28;29;46;31;49;24;31;35;34;47;27;27;25;46;17;40;31;48;44;24;25;36;28;20;43;25;30
21;36;21;27;32;15;37;25;23;22;43;31;24;41;20;48;10;49;23;13;16;34;45;28;27;35;49;41;49;23;24;34;28;21;30;35;11;31;33;38;10;21;11;48;17;29;11;12;24;19;43;32;48;46;38;21;13;14;45;34;49;47;20;21;45;12;16;38;15;12;25;44;28;26;28;41;11;28;37;43;21;25;49;48;34;28;23;12;30;12;11;22;38;17;27;31;16;46;15;44
41;18;28;10;44;17;45;26;35;27;12;14;25;13;11;17;34;27;14;13;46;18;29;30;16;26;32;20;17;13;44;37;27;49;19;41;41;12;20;10;49;40;48;40;12;44;28;40;21;23;44;31;11;22;45;33;25;35;29;22;24;32;16;35;27;39;22;16;11;47;43;30;45;40;21;18;22;24;18;28;43;25;38;22;11;30;35;38;19;25;13;42;49;13;42;38;33;47;45;22
42;34;45;31;11;11;14;47;38;32;22;24;45;45;40;21;30;40;43;41;15;40;48;25;32;40;41;44;36;11;48;49;17;30;14;20;25;31;39;46;46;47;21;23;27;17;20;40;42;15;43;24;18;39;12;17;16;25;27;35;29;11;41;18;34;40;27;12;42;12;40;44;17;48;41;46;22;42;20;15;34;38;30;34;39;37;33;14;37;46;45;16;26;36;19;15;26;43;34;48
35;35;26;47;39;20;34;36;40;11;16;19;23;14;14;16;21;45;14;34;42;41;20;29;30;47;29;14;40;22;43;26;40;40;46;28;13;47;13;32;14;16;20;41;48;39;23;37;34;23;48;35;35;13;27;43;37;42;37;44;30;42;34;20;26;12;41;24;30;41;40;12;36;25;24;15;13;39;19;24;10;36;45;23;16;37;48;10;15;32;29;42;20;41;21;10;26;31;46;16
23;17;24;46;45;33;47;28;40;34;14;43;43;37;38;20;29;16;15;19;45;26;16;40;11;35;35;20;17;43;31;24;19;10;32;30;10;29;40;39;20;32;34;43;30;10;12;10;48;28;31;35;32;39;25;30;45;26;32;28;14;10;21;19;16;35;34;13;31;22;20;39;49;43;42;11;15;46;18;13;11;49;34;16;13;20;32;35;41;47;18;43;23;23;23;48;29;28;24;23