2
3
5
6
7
8
9
11
12
13
14
1007
1017
1027
1029
1036
1045
1054
1057
1061
1065
1078
1084
1088
1089
1105
1115
1120
1127
1132
1138
1139
1152
1157
1180
1181
1199
1211
1240
1264
1284
1290
1297
1308
1316
1322
1324
1325
1351
1357
1362
1363
1364
1368
1373
1374
1380
1386
1388
1389
1397
1409
1414
1419
1424
1425
1426
1427
1429
1430
1431
1434
1435
1437
1438
1439
1440
1441
1442
1443
1444
1447
1448
1449
1451
1452
1453
1454
1455
1456
1457
1458
1459
1461
1462
1463
1464
1465
1466
1467
1471
1473
1474
1475
1476
1477
1478
1480
1483
1484
1485
1486
1487
1489
1490
1491
1493
1494
1495
1496
1497
1498
1499
1500
1501
1502
1504
1505
1506
1507
1508
1509
1510
1511
1512
1513
1514
1515
1516
1517
1518
1519
1520
1521
1522
1523
1524
1525
1527
1528
1529
1531
1532
1533
1535
1536
1537
1538
1539
1541
1542
1543
1544
1545
1546
1547
1548
1549
1550
1552
1553
1554
1556
1558
1559
1560
1561
1562
1563
1565
1569
1570
1571
1572
1573
1575
1576
1577
1578
1579
1580
1581
1582
1583
1584
1585
1586
1587
1588
1589
1590
1591
1592
1593
1594
1595
1597
1598
1599
1600
1601
1602
1603
1604
1605
1608
1609
1610
1611
1614
1615
1616
1617
1618
1620
1621
1622
1623
1624
1625
1626
1627
1628
1629
1630
1631
1632
1633
1634
1635
1636
1637
1638
1639
1640
1641
1642
1643
1644
1645
1646
1647
1648
1649
1650
1652
1653
1654
1655
1656
1657
1658
1659
1660
1661
1662
1663
1664
1666
1667
1669
1670
1671
1672
1673
1674
1675
1676
1679
1680
1681
1684
1685
1687
1688
1689
1690
1692
1693
1694
1695
1697
1700
1702
1703
1705
1706
1707
1708
1710
1711
1712
1713
1714
1715
1717
1721
1723
1725
1726
1728
1730
1731
1732
1733
1735
1736
1739
1741
1743
1744
1745
1746
1747
1748
1749
1750
1755
1772
1776
1780
1781
1783
1785
1788
1789
1791
1793
1795
1796
1799
1802
1803
1804
1811
1812
1815
1819
1825
1826
1827
1834
1835
1837
1839
1841
1842
1843
1845
1850
1851
1852
1854
1855
1856
1858
1859
1860
1862
1869
1870
1871
1873
1874
1876
1880
1881
1882
1884
1885
1886
1887
1888
1889
1890
1891
1892
1894
1895
1896
1897
1898
1899
1901
1902
1903
1904
1905
1906
1907
1908
1910
1912
1913
1914
1915
1916
1919
1920
1923
1924
1925
1926
1927
1928
1929
1931
1932
1933
1934
1935
1936
1938
1939
1940
1941
1943
1944
1945
1947
1949
1950
1951
1953
1955
1956
1957
1959
1960
1961
1962
1963
1965
1967
1968
1969
1970
1971
1972
1974
1981
1982
1984
1986
1987
1988
1989
1990
1991
1992
1993
1994
1995
1996
1998
1999
10000
10001
10003
10004
10005
10006
10007
10008
10009
10010
10011
10012
10013
10014
10015
10016
10017
10018
10019
10021
10022
10023
10024
10025
10027
10028
10029
10030
10031
10033
10034
10035
10036
10037
10038
10040
10041
10042
10043
10044
10045
10046
10048
10049
10050
10051
10052
10053
10054
10055
10057
10058
10059
10060
10061
10062
10063
10065
10066
10068
10070
10071
10073
10074
10075
10077
10078
10080
10083
10085
10086
10087
10088
10089
10090
10091
10093
10095
10096
10098
10099
150036
150043
150047
150048
150049
150050
150051
150053
150054
150055
150056
150057
150058
150059
150060
150061
150062
150064
150066
150067
150068
150069
150070
150071
150072
150073
150074
150075
150076
150077
150078
150079
150082
150083
150084
150086
150089
150090
150091
150092
150093
150094
150095
150096
150097
150098
150099
150100
150101
150104
150105
150106
150107
150108
150109
150110
150111
150113
150114
150121
150138
150149
150150
150162
150168
150174
200030
200036
200038
200041
200042
200043
200044
200045
200047
200048
200049
200050
200051
200052
200053
200054
200055
200056
200057
200058
200059
200060
200061
200062
200063
200064
200065
200066
200067
200068
200069
200071
200072
200074
200075
200076
200078
200080
200081
200082
200083
200084
200085
200087
200089
200090
200091
200092
200093
200095
200097
200098
200100
200101
200102
200103
200104
200105
200106
200107
200108
200109
200110
200111
200113
200114
200117
200118
200119
200125
200126
200128
200129
200130
200142
200143
200144
200145
200146
200147
200148
200149
200151
200152
200153
200154
200156
200158
200160
200161
200163
200164
200165
200166
200167
200168
200169
200170
200171
200173
200174
200175
200176
200179
200180
200181
200182
200183
200184
200185
200186
200187
200188
200191
200193
200201
200202
200203
200204
200205
200207
200208
200209
200210
200211
200212
200213
200214
200215
200217
200218
200219
200220
200221
200222
200223
200224
200225
200226
200228
200229
200230
200231
200232
200233
200234
200236
200237
200238
200239
200240
200241
200242
200243
200244
200245
200246
200247
200249
200251
200252
200253
200254
200255
200256
200257
200258
200260
200261
200263
200264
200265
200266
200267
200268
200269
200270
200271
200272
200273
200274
200275
200277
200278
200279
200280
200282
200283
200284
200286
200287
200288
200289
200290
200291
200293
200294
200296
200301
200302
200304
200305
200307
200308
200309
200310
200311
200312
200318
200329
200330
200336
200338
200345
200346
200351
200372
200375
200378
200380
200381
200388
200391
200392
200396
200405
200406
200412
200416
200419
200422
200429
200432
200435
200436
200437
200439
200466
200494
200533
200534
200537
200545
200546
200547
200549
200550
200551
200552
200553
200554
200555
200556
200557
200558
200559
200560
200561
200562
200563
200564
200565
200566
200570
200571
200572
200573
200574
200575
200576
200577
200579
200580
200581
200582
200583
200584
200585
200587
200589
200590
200591
200592
200593
200594
200596
200597
200598
200599
200600
200601
200602
200605
200606
200607
200608
200609
200611
200612
200613
200614
200615
200616
200617
200618
200619
200620
200621
200622
200623
200627
200630
200632
200633
200634
200635
200636
200637
200638
200639
200641
200642
200644
200645
200646
200647
200648
200649
200650
200651
200652
200653
200655
200656
200657
200658
200659
200660
200661
200662
200663
200666
200667
200668
200669
200670
200671
200672
200673
200674
200675
200676
200677
200678
200679
200680
200681
200682
200683
200684
200685
200686
200687
200688
200689
200690
200691
200692
200693
200694
200696
200697
200698
200699
200700
200701
200702
200703
200704
200705
200706
200707
200708
200709
200710
200711
200712
200713
200714
200715
200716
200717
200718
200721
200722
200723
200724
200725
200726
200727
200729
200730
200731
200732
200733
200734
200735
200736
200737
200738
200739
200740
200741
200742
200743
200744
200745
200746
200747
200749
200750
200751
200752
200754
200755
200756
200757
200758
200759
200760
200762
200763
200764
200765
200766
200767
200768
200769
200770
200771
200772
200773
200774
200775
200776
200777
200778
200779
200780
200781
200782
200784
200785
200787
200788
200789
200790
200793
200794
200795
200797
200798
200799
200800
200801
200802
200803
200804
200805
200806
200807
200808
200809
200810
200811
200812
200816
200817
200818
200819
200820
200821
200823
200824
200825
200826
200827
200846
200847
200848
200849
200850
200851
200852
200853
200854
200855
200856
200857
200858
200859
200860
200862
200863
200864
200865
200868
200869
200870
200871
200872
200873
200874
200875
200876
200877
200878
200879
200880
200881
200882
200883
200884
200886
200887
200888
200889
200893
200894
200895
200896
200897
200898
200899
200904
200905
200906
200907
200908
200909
200921
200922
200923
200924
200925
200926
200927
200930
200931
200932
200933
200934
200935
200936
200937
200938
200939
200940
200957
201066
201067
201068
201069
201070
201071
201072
201073
201074
201075
201081
201082
201083
201084
201085
201086
201087
201088
201089
201090
201091
201092
201093
201094
201095
201096
201097
201098
201099
201100
201101
201102
201103
201104
201105
201106
201107
201108
201130
201131
201132
201133
201134
201135
201136
201137
201138
201139
201140
201141
201142
201144
201145
201146
201147
201148
201149
201150
201151
201152
201153
201154
201155
201156
201158
201159
201160
201161
201162
201163
201164
201165
201166
201167
201168
201169
201170
201172
201173
201174
201175
201176
201178
201179
201180
201181
201182
201183
201184
201185
201187
201188
201189
201190
201191
201192
201193
201194
201195
201197
201198
201199
201200
201201
201202
201203
201204
201205
201208
201209
201210
201211
201212
201213
201214
201216
201217
201218
201219
201220
201221
201222
201223
201224
201227
201231
201232
201233
201234
201235
201236
201237
201238
201239
201240
201241
201242
201244
201245
201246
201247
201248
201251
201252
201253
201254
201255
201256
201258
201259
201260
201261
201262
201263
201264
201265
201266
201267
201268
201269
201270
201272
201273
201274
201275
201277
201279
201280
201281
201283
201284
201285
201287
201288
201289
201290
201291
201292
201293
201295
201297
201298
201299
201301
201302
201303
201305
201306
201307
201308
201309
201310
201311
201312
201313
201314
201315
201316
201317
201321
201322
201323
201324
201327
201343
201344
201345
201347
201348
201349
201350
201351
201356
201358
201359
201360
201361
201362
201363
201364
201365
201366
201367
201368
201370
201371
201373
201374
201375
201376
201379
201380
201381
201382
201383
201384
201386
201387
201388
201391
201395
201399
201400
201401
201402
201403
201404
201405
201406
201407
201409
201410
201411
201413
201414
201415
201416
201418
201419
201420
201421
201422
201423
201425
201426
201427
201428
201430
201432
201433
201434
201435
201436
201445
201446
201447
201450
201451
201452
201453
201454
201455
201456
201463
201489
201491
201527
201629
201661
201667
201668
201669
201671
201672
201673
201674
201675
201698
201699
201703
201705
201706
201707
201708
201709
201710
201711
201712
201713
201714
201720
201721
201722
201723
201724
201725
201726
201727
201728
201730
201731
201732
201734
201735
201736
201737
201739
201740
201741
201742
201744
201745
201746
201747
201749
201750
201751
201752
201754
201755
201757
201758
201763
201770
201771
201772
201773
201774
201775
201776
201777
201778
201781
201782
201784
201785
201786
201789
201790
201791
201793
201794
201795
201796
201798
201799
201800
201801
201802
201803
201805
201806
201807
201809
201810
201812
201813
201814
201815
201816
201817
201818
201819
201820
201821
201822
201823
201824
201825
201826
201827
201828
201829
201830
201832
201835
201836
201837
201838
201840
201841
201842
201843
201844
201846
201847
201848
201851
201852
201853
201854
201858
201862
201863
201867
201869
201873
201879
201880
201885
201888
201890
201897
201899
201906
201907
201909
201911
201913
201914
201915
201916
201920
201923
201930
201932
201937
201939
201940
201942
201943
201946
201947
201948
201950
201951
201953
201958
201959
201962
201967
201971
201976
201979
201983
201984
201985
201986
201988
201989
201990
201991
201992
201993
201995
201997
201999
202001
202002
202003
202004
202005
202006
202007
202008
202010
202011
202012
202013
202014
202016
202017
202018
202020
202021
202022
202023
202024
202026
202028
202029
202030
202031
202032
202033
202034
202036
202040
202041
202042
202045
202058
202059
202061
202063
202064
202065
202067
202068
202069
202071
202074
202076
202077
202078
202081
202082
202083
202084
202085
202086
202090
202091
202092
202093
202094
202095
202096
202097
202100
202101
202102
202103
202104
202105
202107
202108
202111
202112
202113
202114
202115
202116
202117
202118
202119
202120
202121
202123
202124
202125
202126
202127
202128
202130
202133
202134
202137
202138
202139
202140
202141
202142
202143
202148
202152
202155
202163
202167
202168
202176
202178
202180
202183
202199
